02621|02020
02021|02020
02721|02020
02925|02020
02963|02020
02959|02020
02822|02020
02823|02020
02824|02020
02934|02020
02724|02020
02826|02020
02827|02020
02833|02020
02927|02020
02945|02020
02830|02020
02831|02020
02952|02020
02964|02020
02725|02020
02522|02020
02957|02020
03721|03320
03921|03343
03922|03828
03621|03828
03722|03732
03341|03343
03825|03343
03333|03343
03988|03343
03925|03828
03926|03828
03927|03343
03928|03343
03929|03828
03994|03343
03334|03343
03345|03343
03823|03343
03340|03343
03910|03343
03992|03343
03987|03732
03523|03732
03826|03828
03339|03343
03827|03343
03934|03343
03935|03828
03335|03343
03338|03343
03325|03343
03630|03343
03939|03732
03336|03343
03970|03343
03347|03343
03625|03322
03622|03828
03725|03828
03829|03343
03942|03343
03969|03343
03840|03343
03912|03322
03943|03828
03530|03343
03944|03343
03634|03343
03986|03828
03326|03343
03330|03343
03945|03343
03913|03322
03946|03828
03524|03521
03723|03320
03995|03343
03346|03343
03724|03828
03332|03343
03344|03343
03948|03343
03949|03322
03321|03221
03997|03343
03985|03828
03831|03732
03337|03221
03328|03343
03726|03828
03993|03343
03624|03320
03348|03343
03956|03828
03957|03828
03626|03343
03999|03343
03632|03343
03959|03828
03832|03322
03833|03320
03727|03732
03627|03828
03024|03343
03962|03320
03882|03320
03914|03320
03966|03320
03968|03322
03324|03828
03349|03343
03830|03343
03421|03221
03327|03343
03996|03343
03729|03828
03730|03320
03628|03343
03629|03343
03633|03343
03834|03828
03422|03343
03974|03828
03323|03320
03975|03828
03526|03343
03527|03322
03978|03343
03835|03732
03329|03343
03528|03343
03631|03521
03836|03343
03911|03343
03733|03521
03979|03343
03980|03828
03529|03343
03989|03343
03837|03221
03881|03343
03991|03343
03342|03343
03838|03343
03984|03320
03990|03322
03880|03343
03839|03521
04821|04020
04988|04020
04923|04020
04924|04020
04822|04020
04983|04020
04985|04020
04930|04020
04823|04020
04824|04020
04940|04020
04521|04020
04943|04020
04721|04020
04990|04020
04948|04020
04949|04020
04952|04020
04956|04020
04989|04020
04827|04020
04830|04020
04966|04020
04968|04020
04522|04020
04981|04020
04828|04020
04829|04020
04621|04020
05798|05320
05989|05320
05924|05320
05925|05320
05931|05320
05821|05320
05932|05320
05923|05320
05839|05320
05321|05320
05835|05320
05722|05320
05998|05320
05838|05320
05829|05320
05955|05320
05938|05320
05621|05320
05721|05320
05824|05320
05927|05320
05993|05320
05999|05320
05826|05320
05827|05320
05622|05320
05727|05320
05996|05320
05323|05320
05837|05320
05956|05320
05724|05320
05994|05320
05951|05320
05831|05320
05836|05320
05421|05320
05423|05320
05521|05320
05940|05320
05452|05320
05959|05320
05960|05320
05962|05320
05961|05320
05997|05320
05964|05320
05969|05320
05726|05320
05422|05320
05977|05320
05979|05320
05980|05320
05522|05320
05987|05320
06922|06020
06821|06020
06621|06020
06721|06020
06722|06020
06790|06020
06521|06020
06935|06020
06940|06020
06622|06020
06972|06020
06951|06020
06924|06020
06960|06020
06964|06020
06973|06020
06421|06020
07921|07320
07938|07320
07721|07320
07925|07320
07937|07320
08623|08220
08624|08220
08721|08220
08923|08220
08722|08220
08621|08220
08992|08220
08521|08220
08790|08220
08821|08220
08994|08220
08622|08220
08822|08220
08991|08220
08933|08220
08723|08220
08993|08220
08823|08220
08824|08220
08938|08220
08724|08220
08940|08220
08941|08220
08930|08220
08944|08220
08825|08220
08995|08220
08421|08220
08896|08220
09928|09220
09823|09220
09957|09220
09924|09220
09821|09220
09931|09220
09932|09220
09991|09220
09521|09220
09522|09220
09938|09220
09621|09220
09721|09220
09942|09220
09958|09220
09622|09220
09955|09220
09956|09220
09722|09220
10521|10321
10985|10321
10973|10020
10828|10020
10993|10321
10989|10321
10926|10020
10929|10020
10931|10020
10997|10321
10994|10321
10996|10321
10831|10020
10983|10321
10934|10020
10935|10321
10987|10321
10936|10020
10825|10321
10939|10321
10995|10321
10822|10321
10823|10321
10940|10321
10924|10321
10942|10020
10944|10020
10992|10321
10988|10321
10998|10321
10991|10321
10945|10020
10981|10321
10826|10321
10947|10020
10827|10321
10948|10020
10522|10321
10984|10321
10523|10020
10953|10020
10954|10020
10955|10020
10990|10321
10829|10020
10022|10020
10958|10020
10021|10020
10959|10020
10962|10321
10972|10321
10982|10321
10969|10020
11922|11120
11821|11120
11822|11120
11924|11120
11925|11120
11823|11120
11824|11120
11951|11120
11926|11120
11825|11120
11945|11120
11956|11120
11961|11120
11929|11120
11931|11120
11955|11120
11953|11120
11521|11120
11935|11120
11721|11120
11722|11120
11826|11120
11522|11120
11937|11120
11894|11120
11827|11120
11828|11120
11723|11120
11957|11120
11932|11120
11954|11120
11621|11120
11958|11120
11830|11120
11947|11120
11695|11120
11960|11120
11959|11120
11831|11120
11950|11120
12797|12320
12722|12320
12946|12320
12923|12320
12821|12320
12723|12320
12828|12320
12930|12320
12932|12320
12792|12320
12621|12320
12823|12320
12622|12320
12824|12320
12825|12320
12945|12320
12826|12320
12827|12320
12421|12320
13922|13020
13822|13020
13929|13020
13965|13020
13824|13020
13931|13020
13948|13020
13940|13020
13831|13020
13832|13020
13943|13020
13521|13020
13833|13020
13823|13020
13830|13020
13966|13020
13522|13020
13621|13020
14721|14320
14822|14320
14921|14320
14959|14320
14940|14320
14923|14320
14826|14320
14926|14320
14928|14320
14929|14320
14421|14320
14621|14320
14521|14320
14935|14320
14821|14320
14823|14320
14941|14320
14722|14320
14942|14320
14964|14320
14944|14320
14422|14320
14972|14320
14966|14320
14963|14320
14948|14320
14960|14320
14967|14320
14965|14320
14953|14320
14957|14320
14962|14320
14970|14320
14969|14320
14723|14320
14971|14320
14968|14320
14622|14320
15821|15120
15924|15120
15975|15120
15976|15120
15522|15120
15822|15120
15823|15120
15824|15120
15931|15120
15935|15120
15723|15120
15966|15120
15970|15120
15523|15120
15825|15120
15721|15120
15939|15120
15971|15120
15944|15120
15945|15120
15946|15120
15949|15120
15950|15120
15974|15120
15828|15120
15969|15120
15973|15120
15957|15120
15829|15120
15956|15120
15959|15120
15830|15120
15965|15120
15972|15120
15722|15120
15831|15120
15832|15120
15943|15120
15827|15120
16825|16220
16924|16220
16939|16220
16925|16220
16964|16220
16960|16220
16962|16220
16966|16220
16965|16220
16022|16220
16822|16220
16721|16220
16923|16220
16932|16220
16933|16220
16941|16220
16421|16021
16823|16220
16963|16220
16968|16220
16970|16220
16821|16220
16961|16220
16826|16220
16827|16220
16945|16220
16621|16220
16946|16220
16967|16220
16926|16220
17798|17220
17825|17220
17521|17220
17822|17220
17950|17220
17951|17220
17927|17220
17321|17220
17721|17220
17928|17220
17621|17220
17930|17220
17931|17220
17993|17220
17624|17220
17622|17220
17939|17220
17952|17220
17995|17220
17823|17220
17824|17220
17722|17220
17623|17220
18721|18020
18722|18020
18834|18020
18925|18020
18971|18020
18928|18020
18822|18020
18993|18020
18931|18020
18825|18020
18723|18020
18827|18020
18828|18020
18952|18020
18963|18020
18829|18020
18951|18020
18321|18020
18724|18020
18894|18020
18830|18020
18831|18020
18992|18020
18990|18020
18832|18020
18991|18020
18833|18020
18521|18020
18980|18020
18695|18020
19962|19220
19963|19220
19964|19220
19965|19220
19966|19220
19940|19220
19961|19220
19967|19220
19968|19220
19924|19220
19969|19220
19970|19220
19971|19220
19721|19220
19790|19220
19956|19220
19960|19220
19821|19220
19722|19220
19822|19220
19941|19220
19942|19220
19922|19220
19947|19220
19521|19220
19896|19220
19522|19220
19955|19220
19723|19220
