15101,15101
15102,15101
15201,15101
15202,15101
01101,01101
1101,1101
01107,01107
1107,1107
01401,01101
1401,1101
01402,01101
1402,1101
01403,01101
1403,1101
01404,01101
1404,1101
01405,01101
1405,1101
02101,02101
2101,2101
02102,02101
2102,2101
02103,02101
2103,2101
02104,02101
2104,2101
02201,02201
2201,2201
02202,02201
2202,2201
02203,02201
2203,2201
02301,02301
2301,2301
02302,02301
2302,2301
03101,03101
3101,3101
03102,03101
3102,3101
03103,03101
3103,3101
03201,03101
3201,3101
03202,03101
3202,3101
03301,03301
3301,3301
03302,03301
3302,3301
03303,03301
3303,3301
03304,03301
3304,3301
04101,04101
4101,4101
04102,04102
4102,4102
04103,04101
4103,4101
04104,04101
4104,4101
04105,04101
4105,4101
04106,04106
4106,4106
04201,04201
4201,4201
04202,04201
4202,4201
04203,04201
4203,4201
04204,04204
4204,4204
04301,04301
4301,4301
04302,04301
4302,4301
04303,04303
4303,4303
04304,04301
4304,4301
04305,04301
4305,4301
05101,05101
5101,5101
05102,05102
5102,5102
05103,05103
5103,5103
05104,05109
5104,5109
05105,05109
5105,5109
05107,05107
5107,5107
05109,05109
5109,5109
05201,05109
5201,5109
05301,05301
5301,5301
05302,05301
5302,5301
05303,05301
5303,5301
05304,05301
5304,5301
05401,05401
5401,5401
05402,05402
5402,5402
05403,05401
5403,5401
05404,05401
5404,5401
05405,05401
5405,5401
05501,05501
5501,5501
05502,05502
5502,5502
05503,05501
5503,5501
05504,05501
5504,5501
05506,05506
5506,5506
05601,05601
5601,5601
05602,05601
5602,5601
05603,05601
5603,5601
05604,05601
5604,5601
05605,05601
5605,5601
05606,05601
5606,5601
05701,05701
5701,5701
05702,05701
5702,5701
05703,05703
5703,5703
05704,05701
5704,5701
05705,05701
5705,5701
05706,05701
5706,5701
05801,05801
5801,5801
05802,05802
5802,5802
05803,05801
5803,5801
05804,05804
5804,5804
06101,06101
6101,6101
06102,06101
6102,6101
06103,06101
6103,6101
06104,06101
6104,6101
06105,06105
6105,6105
06106,06106
6106,6106
06107,06107
6107,6107
06108,06108
6108,6108
06109,06101
6109,6101
06110,06110
6110,6110
06111,06101
6111,6101
06112,06101
6112,6101
06113,06101
6113,6101
06114,06101
6114,6101
06115,06115
6115,6115
06116,06116
6116,6116
06117,06117
6117,6117
06201,06101
6201,6101
06202,06101
6202,6101
06203,06101
6203,6101
06204,06101
6204,6101
06205,06101
6205,6101
06206,06101
6206,6101
06301,06301
6301,6301
06302,06301
6302,6301
06303,06303
6303,6303
06304,06301
6304,6301
06305,06301
6305,6301
06306,06301
6306,6301
06307,06301
6307,6301
06308,06301
6308,6301
06309,06301
6309,6301
06310,06310
6310,6310
07101,07101
7101,7101
07102,07102
7102,7102
07103,07101
7103,7101
07104,07101
7104,7101
07105,07105
7105,7105
07106,07101
7106,7101
07107,07101
7107,7101
07108,07101
7108,7101
07109,07109
7109,7109
07110,07101
7110,7101
07201,07201
7201,7201
07202,07201
7202,7201
07203,07201
7203,7201
07301,07301
7301,7301
07302,07301
7302,7301
07303,07301
7303,7301
07304,07304
7304,7304
07305,07301
7305,7301
07306,07301
7306,7301
07307,07301
7307,7301
07308,07308
7308,7308
07309,07301
7309,7301
07401,07401
7401,7401
07402,07401
7402,7401
07403,07403
7403,7403
07404,07404
7404,7404
07405,07401
7405,7401
07406,07406
7406,7406
07407,07401
7407,7401
07408,07401
7408,7401
16101,16101
16102,16102
16103,16103
16104,16101
16105,16101
16106,16101
16107,16101
16108,16101
16109,16101
16201,16101
16202,16101
16203,16101
16204,16101
16205,16101
16206,16101
16207,16101
16301,16301
16302,16302
16303,16301
16304,16301
16305,16301
08101,08101
8101,8101
08102,08102
8102,8102
08103,08103
8103,8103
08104,08101
8104,8101
08105,08105
8105,8105
08106,08106
8106,8106
08107,08107
8107,8107
08108,08108
8108,8108
08109,08101
8109,8101
08110,08110
8110,8110
08111,08111
8111,8111
08112,08112
8112,8112
08201,08201
8201,8201
08202,08202
8202,8202
08203,08203
8203,8203
08204,08202
8204,8202
08205,08205
8205,8205
08206,08206
8206,8206
08207,08202
8207,8202
08301,08301
8301,8301
08302,08301
8302,8301
08303,08303
8303,8303
08304,08304
8304,8304
08305,08305
8305,8305
08306,08306
8306,8306
08307,08301
8307,8301
08308,08301
8308,8301
08309,08301
8309,8301
08310,08301
8310,8301
08311,08301
8311,8301
08312,08301
8312,8301
08313,08313
8313,8313
08314,08301
8314,8301
09101,09101
9101,9101
09102,09102
9102,9102
09103,09101
9103,9101
09104,09101
9104,9101
09105,09105
9105,9105
09106,09101
9106,9101
09107,09101
9107,9101
09108,09108
9108,9108
09109,09109
9109,9109
09110,09101
9110,9101
09111,09111
9111,9111
09112,09112
9112,9112
09113,09101
9113,9101
09114,09114
9114,9114
09115,09115
9115,9115
09116,09101
9116,9101
09117,09101
9117,9101
09118,09101
9118,9101
09119,09119
9119,9119
09120,09120
9120,9120
09121,09101
9121,9101
09201,09201
9201,9201
09202,09202
9202,9202
09203,09201
9203,9201
09204,09201
9204,9201
09205,09201
9205,9201
09206,09201
9206,9201
09207,09201
9207,9201
09208,09201
9208,9201
09209,09201
9209,9201
09210,09201
9210,9201
09211,09211
9211,9211
14101,14101
14102,14101
14103,14101
14104,14101
14105,14101
14106,14101
14107,14101
14108,14108
14201,14201
14202,14201
14203,14201
14204,14204
10101,10101
10102,10102
10103,10101
10104,10101
10105,10101
10106,10101
10107,10101
10108,10101
10109,10109
10201,10201
10202,10202
10203,10201
10204,10201
10205,10201
10206,10201
10207,10201
10208,10208
10209,10201
10210,10201
10301,10301
10302,10301
10303,10303
10304,10301
10305,10301
10306,10301
10307,10301
10401,10101
10402,10101
10403,10101
10404,10101
11101,11101
11102,11101
11201,11201
11202,11201
11203,11201
11301,11101
11302,11101
11303,11101
11401,11101
11402,11101
12101,12101
12102,12101
12103,12101
12104,12101
12201,12101
12202,12101
12301,12101
12302,12101
12303,12101
12401,12401
12402,12401
13101,13101
13102,13102
13103,13103
13104,13104
13105,13105
13106,13106
13107,13107
13108,13108
13109,13109
13110,13110
13111,13111
13112,13112
13113,13113
13114,13114
13115,13115
13116,13116
13117,13117
13118,13118
13119,13119
13120,13120
13121,13121
13122,13122
13123,13123
13124,13124
13125,13125
13126,13126
13127,13127
13128,13128
13129,13129
13130,13130
13131,13131
13132,13132
13201,13201
13202,13202
13203,13201
13301,13301
13302,13302
13303,13301
13401,13401
13402,13402
13403,13403
13404,13404
13501,13501
13502,13501
13503,13503
13504,13501
13505,13501
13601,13601
13602,13602
13603,13603
13604,13604
13605,13605
