15101
15102
15201
15202
01101
1101
01107
1107
01401
1401
01402
1402
01403
1403
01404
1404
01405
1405
02101
2101
02102
2102
02103
2103
02104
2104
02201
2201
02202
2202
02203
2203
02301
2301
02302
2302
03101
3101
03102
3102
03103
3103
03201
3201
03202
3202
03301
3301
03302
3302
03303
3303
03304
3304
04101
4101
04102
4102
04103
4103
04104
4104
04105
4105
04106
4106
04201
4201
04202
4202
04203
4203
04204
4204
04301
4301
04302
4302
04303
4303
04304
4304
04305
4305
05101
5101
05102
5102
05103
5103
05104
5104
05105
5105
05107
5107
05109
5109
05201
5201
05301
5301
05302
5302
05303
5303
05304
5304
05401
5401
05402
5402
05403
5403
05404
5404
05405
5405
05501
5501
05502
5502
05503
5503
05504
5504
05506
5506
05601
5601
05602
5602
05603
5603
05604
5604
05605
5605
05606
5606
05701
5701
05702
5702
05703
5703
05704
5704
05705
5705
05706
5706
05801
5801
05802
5802
05803
5803
05804
5804
06101
6101
06102
6102
06103
6103
06104
6104
06105
6105
06106
6106
06107
6107
06108
6108
06109
6109
06110
6110
06111
6111
06112
6112
06113
6113
06114
6114
06115
6115
06116
6116
06117
6117
06201
6201
06202
6202
06203
6203
06204
6204
06205
6205
06206
6206
06301
6301
06302
6302
06303
6303
06304
6304
06305
6305
06306
6306
06307
6307
06308
6308
06309
6309
06310
6310
07101
7101
07102
7102
07103
7103
07104
7104
07105
7105
07106
7106
07107
7107
07108
7108
07109
7109
07110
7110
07201
7201
07202
7202
07203
7203
07301
7301
07302
7302
07303
7303
07304
7304
07305
7305
07306
7306
07307
7307
07308
7308
07309
7309
07401
7401
07402
7402
07403
7403
07404
7404
07405
7405
07406
7406
07407
7407
07408
7408
16101
16102
16103
16104
16105
16106
16107
16108
16109
16201
16202
16203
16204
16205
16206
16207
16301
16302
16303
16304
16305
08101
8101
08102
8102
08103
8103
08104
8104
08105
8105
08106
8106
08107
8107
08108
8108
08109
8109
08110
8110
08111
8111
08112
8112
08201
8201
08202
8202
08203
8203
08204
8204
08205
8205
08206
8206
08207
8207
08301
8301
08302
8302
08303
8303
08304
8304
08305
8305
08306
8306
08307
8307
08308
8308
08309
8309
08310
8310
08311
8311
08312
8312
08313
8313
08314
8314
09101
9101
09102
9102
09103
9103
09104
9104
09105
9105
09106
9106
09107
9107
09108
9108
09109
9109
09110
9110
09111
9111
09112
9112
09113
9113
09114
9114
09115
9115
09116
9116
09117
9117
09118
9118
09119
9119
09120
9120
09121
9121
09201
9201
09202
9202
09203
9203
09204
9204
09205
9205
09206
9206
09207
9207
09208
9208
09209
9209
09210
9210
09211
9211
14101
14102
14103
14104
14105
14106
14107
14108
14201
14202
14203
14204
10101
10102
10103
10104
10105
10106
10107
10108
10109
10201
10202
10203
10204
10205
10206
10207
10208
10209
10210
10301
10302
10303
10304
10305
10306
10307
10401
10402
10403
10404
11101
11102
11201
11202
11203
11301
11302
11303
11401
11402
12101
12102
12103
12104
12201
12202
12301
12302
12303
12401
12402
13101
13102
13103
13104
13105
13106
13107
13108
13109
13110
13111
13112
13113
13114
13115
13116
13117
13118
13119
13120
13121
13122
13123
13124
13125
13126
13127
13128
13129
13130
13131
13132
13201
13202
13203
13301
13302
13303
13401
13402
13403
13404
13501
13502
13503
13504
13505
13601
13602
13603
13604
13605
