010102|010101
010103|010101
010104|010101
010105|010101
010106|010101
010107|010101
010108|010101
010109|010101
010110|010101
010111|010101
010112|010101
010113|010101
010114|010101
010115|010101
010116|010101
010117|010101
010118|010101
010119|010101
010120|010101
010121|010101
010202|010201
010203|010201
010204|010201
010206|010201
010301|010101
010302|010101
010303|010101
010304|010101
010305|010101
010306|010101
010307|010101
010308|010101
010309|010101
010310|010101
010311|010101
010312|010101
010401|010205
010402|010205
010403|010205
010501|010101
010502|010101
010503|010101
010504|010101
010505|010101
010506|010101
010507|010101
010508|010101
010509|010101
010510|010101
010511|010101
010512|010101
010513|010101
010514|010101
010515|010101
010516|010101
010517|010101
010518|010101
010519|010101
010520|010101
010521|010101
010522|010101
010523|010101
010601|010101
010602|010101
010603|010101
010604|010101
010605|010101
010606|010101
010607|010101
010608|010101
010609|010101
010610|010101
010611|010101
010612|010101
010703|010701
010704|010702
010705|010702
010706|010701
010707|010701
020102|020105
020103|020101
020104|020101
020106|020105
020107|020101
020108|020101
020109|020101
020110|020105
020111|020101
020112|020105
020201|020101
020202|020101
020203|020101
020204|020101
020205|020101
020301|020105
020302|020105
020303|020105
020304|020105
020305|020105
020306|020105
020401|022001
020402|022001
020501|020101
020502|020101
020503|020101
020504|020101
020505|020101
020506|020101
020507|021101
020508|020101
020509|020101
020510|020101
020511|020101
020512|020101
020513|020101
020514|020101
020515|020101
020601|022001
020602|022001
020603|022001
020604|020105
020605|022001
020606|020105
020607|020105
020608|020105
020609|022001
020610|022001
020611|020105
020701|022001
020702|022001
020703|022001
020802|020801
020803|020801
020804|020801
020901|021201
020902|021201
020903|021201
020904|021201
020905|021201
020906|021201
020907|021201
021001|020105
021002|020105
021003|020105
021004|020101
021005|020105
021006|020105
021007|020105
021008|020101
021009|020105
021010|020105
021011|020105
021012|020105
021013|020105
021014|020101
021015|020105
021016|020105
021102|021101
021103|021101
021104|021101
021105|021101
021202|021201
021203|021201
021204|021201
021205|021201
021206|021201
021207|021201
021208|021201
021209|021201
021210|021201
021301|022001
021302|022001
021303|022001
021304|022001
021305|022001
021306|022001
021307|022001
021308|022001
021401|021101
021402|021101
021403|020101
021404|021101
021405|021101
021406|021101
021407|020101
021408|020101
021409|021101
021410|021101
021501|021201
021502|021201
021503|021201
021504|021201
021505|021201
021506|021201
021507|021201
021508|021201
021509|021201
021510|021201
021511|021201
021601|021201
021602|021201
021603|021201
021604|021201
021701|020101
021702|020101
021703|020101
021704|020101
021705|021101
021706|020101
021707|020101
021708|021101
021709|020101
021710|020101
021802|021809
021803|021801
021804|021809
021805|021809
021806|021809
021807|021809
021808|021801
021901|021201
021902|021201
021903|021201
021904|021201
021905|021201
021906|021201
021907|021201
021908|021201
021909|021201
021910|021201
022002|022001
022003|022001
022004|022001
022005|022001
022006|022001
022007|022001
022008|022001
030102|030101
030103|030101
030104|030101
030105|030101
030106|030101
030107|030101
030108|030101
030109|030101
030202|030213
030203|030201
030204|030213
030205|030201
030206|030201
030207|030213
030208|030213
030209|030213
030210|030201
030211|030201
030212|030201
030214|030201
030215|030201
030216|030201
030217|030201
030218|030201
030219|030213
030220|030213
030301|030101
030302|030101
030303|030101
030304|030101
030305|030101
030306|030101
030307|030101
030401|030213
030402|030201
030403|030213
030404|030101
030405|030213
030406|030213
030407|030213
030408|030213
030409|030213
030410|030101
030411|030213
030412|030201
030413|030201
030414|030213
030415|030213
030416|030213
030417|030213
030501|030101
030502|030101
030503|030101
030504|030101
030505|030101
030506|030101
030601|030201
030602|030201
030603|030201
030604|030201
030605|030201
030606|030201
030607|030201
030608|030201
030609|030201
030610|030201
030611|030201
030612|030101
030701|030101
030702|030101
030703|030101
030704|030101
030705|030101
030706|030101
030707|030101
030708|030101
030709|030101
030710|030101
030711|030101
030712|030101
030713|030101
030714|030101
040105|040112
040106|040109
040111|040122
040113|040112
040114|040122
040115|040122
040116|040112
040118|040108
040119|040109
040120|040108
040121|040108
040123|040107
040124|040117
040125|040108
040127|040122
040201|040520
040202|040520
040203|040520
040204|040520
040205|040520
040206|040520
040207|040520
040208|040520
040301|040520
040302|040520
040303|040520
040304|040520
040305|040520
040306|040520
040307|040520
040308|040520
040309|040520
040310|040520
040311|040520
040312|040520
040313|040520
040401|040520
040402|040520
040403|040520
040404|040520
040405|040520
040406|040128
040407|040520
040408|040520
040409|040520
040410|040520
040411|040520
040412|040520
040413|040520
040414|040520
040501|040520
040502|040520
040503|040520
040504|040520
040505|040520
040506|040520
040507|040520
040508|040520
040509|040520
040510|040520
040511|040520
040512|040520
040513|040520
040514|040520
040515|040520
040516|040520
040517|040520
040518|040520
040519|040520
040601|040520
040602|040520
040603|040128
040604|040520
040605|040520
040606|040520
040607|040520
040608|040520
040702|040701
040703|040701
040704|040701
040705|040701
040706|040701
040801|040520
040802|040520
040803|040520
040804|040520
040805|040520
040806|040520
040807|040520
040808|040520
040809|040520
040810|040520
040811|040520
050102|050116
050103|050116
050105|050104
050106|050104
050107|050101
050108|050116
050109|050101
050111|050101
050112|050104
050113|050116
050114|050104
050115|050116
050201|050104
050202|050104
050203|050104
050204|050104
050205|050104
050206|050104
050301|050104
050302|050104
050303|050104
050304|050104
050402|050401
050403|050401
050404|050401
050405|050401
050406|050401
050407|050401
050408|050401
050409|050401
050410|050401
050411|050401
050412|050401
050413|050401
050501|050401
050502|050116
050503|050401
050504|050116
050505|050116
050506|050116
050507|050401
050508|050401
050509|050401
050510|050401
050511|050116
050512|050116
050513|050116
050514|050116
050515|050116
050601|050104
050602|050104
050603|050104
050604|050104
050605|050104
050606|050104
050607|050104
050608|050104
050609|050104
050610|050104
050611|050104
050612|050104
050613|050104
050614|050104
050615|050104
050616|050104
050617|050104
050618|050104
050619|050104
050620|050104
050621|050104
050701|050104
050702|050104
050703|050104
050704|050104
050705|050104
050706|050104
050707|050104
050708|050104
050801|050104
050802|050104
050803|050104
050804|050104
050805|050104
050806|050104
050807|050104
050808|050104
050809|050104
050810|050104
050901|050104
050902|050104
050903|050104
050904|050104
050905|050104
050906|050104
050907|050104
050908|050104
050909|050104
050910|050104
050911|050104
051001|050104
051002|050104
051003|050104
051004|050104
051005|050104
051006|050104
051007|050104
051008|050104
051009|050104
051010|050104
051011|050104
051012|050104
051101|050104
051102|050104
051103|050104
051104|050104
051105|050104
051106|050104
051107|050104
051108|050104
060102|060108
060103|060101
060104|060101
060105|060108
060106|060108
060107|060108
060109|060101
060110|060108
060111|060108
060112|060108
060203|060201
060204|060201
060302|060301
060303|060301
060304|060301
060305|060301
060306|060301
060307|060301
060308|060301
060309|060301
060310|060301
060311|060301
060312|060301
060402|060401
060403|060401
060404|060401
060405|060401
060406|060401
060407|060401
060408|060401
060409|060401
060410|060401
060411|060401
060412|060401
060413|060401
060414|060401
060415|060401
060416|060401
060417|060401
060418|060401
060419|060401
060501|060101
060502|060101
060503|060101
060504|060101
060505|060101
060506|060101
060507|060101
060508|060101
060602|060601
060603|060601
060604|060601
060605|060601
060606|060601
060607|060601
060608|060601
060609|060601
060610|060601
060611|060601
060612|060601
060613|060601
060614|060601
060615|060601
060702|060701
060703|060701
060802|060801
060803|060801
060804|060801
060805|060801
060806|060801
060807|060801
060808|060801
060809|060801
060810|060801
060811|060801
060812|060801
060902|060901
060903|060901
060904|060901
060905|060901
060906|060901
060907|060901
061001|060202
061002|060202
061003|060202
061004|060202
061005|060202
061006|060202
061007|060202
061101|060101
061102|060401
061103|060101
061104|060401
061105|060101
061106|060401
061107|060101
061108|060401
061109|060401
061110|060101
061111|060101
061112|060401
061113|060101
061201|060101
061202|060101
061203|060101
061204|060101
061301|060601
061302|060401
061303|060601
061304|060601
061305|060601
061306|060401
061307|060401
061308|060401
061309|060601
061310|060401
061311|060401
070105|070101
080102|080106
080103|080106
080107|080104
080201|080104
080202|080601
080203|080104
080204|080601
080205|080601
080206|080104
080207|080601
080302|080301
080303|080301
080304|080301
080305|080301
080306|080301
080307|080301
080308|080301
080309|080301
080402|080401
080403|080401
080404|080401
080405|080401
080406|080401
080407|080401
080408|080401
080501|080601
080502|080601
080503|080801
080504|080601
080505|080601
080506|080601
080507|080601
080508|080601
080602|080601
080603|080601
080604|080601
080605|080601
080606|080601
080607|080601
080608|080601
080702|080701
080703|080701
080704|080701
080705|080701
080706|080701
080707|080701
080708|080701
080802|080801
080803|080801
080804|080801
080805|080801
080806|080801
080807|080801
080808|080801
080903|080901
080904|080901
080905|080902
080906|080902
080907|080910
080908|080901
080909|080901
080911|080901
080912|080910
080913|080910
080914|080902
080915|080902
080916|080902
080917|080902
080918|080902
081001|080104
081002|080104
081003|080106
081004|080104
081005|080106
081006|080701
081007|080104
081008|080104
081009|080104
081101|080401
081102|080104
081103|080401
081104|080104
081105|080104
081106|080401
081201|080104
081202|080104
081203|080601
081204|080104
081205|080104
081206|080601
081207|080104
081208|080104
081209|080601
081210|080104
081211|080104
081212|080104
081302|081301
081303|081301
081304|081301
081305|081301
081306|081301
081307|081301
090102|090101
090103|090101
090104|090101
090105|090101
090106|090101
090107|090101
090108|090101
090109|090101
090110|090101
090111|090101
090112|090101
090113|090101
090114|090101
090115|090101
090116|090101
090117|090101
090118|090101
090119|090101
090201|090301
090202|090301
090203|090301
090204|090301
090205|090301
090206|090301
090207|090301
090208|090301
090302|090301
090303|090301
090304|090301
090305|090301
090306|090301
090307|090301
090308|090301
090309|090301
090310|090301
090311|090301
090312|090301
090401|090101
090402|090101
090403|090101
090404|090101
090405|090101
090406|090101
090407|090101
090408|090101
090409|090101
090410|090101
090411|090101
090412|090101
090413|090101
090501|090301
090502|090301
090503|090301
090504|090301
090505|090301
090506|090301
090507|090301
090508|090301
090509|090301
090510|090301
090511|090101
090601|090301
090602|090301
090603|090301
090604|090301
090605|090301
090606|090301
090607|090301
090608|090301
090609|090301
090610|090301
090611|090301
090612|090301
090613|090301
090614|090301
090615|090301
090616|090301
090701|090101
090702|090101
090703|090101
090704|090101
090705|090101
090706|090101
090707|090101
090709|090101
090710|090101
090711|090101
090713|090101
090714|090101
090715|090101
090716|090101
090717|090101
090718|090101
090719|090101
090720|090101
090721|090101
090722|090101
090723|090101
090724|090301
090725|090301
100103|100101
100104|100101
100105|100111
100106|100111
100107|100111
100108|100111
100109|100101
100110|100111
100112|100111
100113|100101
100202|100201
100203|100201
100204|100201
100205|100201
100206|100201
100207|100201
100208|100201
100301|100111
100307|100101
100311|100101
100313|100101
100316|100101
100317|100111
100321|100101
100322|100101
100323|100101
100401|100604
100402|100604
100403|100604
100404|100604
100501|100101
100502|100604
100503|100101
100504|100101
100505|100604
100506|100101
100507|100601
100508|100101
100509|100101
100510|100101
100511|100601
100602|100601
100603|100601
100605|100601
100606|100601
100607|100604
100608|100601
100609|100604
100610|100604
100701|100604
100702|100604
100703|100604
100704|100604
100705|100604
100801|100101
100802|100101
100803|100101
100804|100101
100901|100601
100902|100601
100903|100601
100904|100601
100905|100601
101001|100111
101002|100111
101003|100111
101004|100111
101005|100111
101006|100111
101007|100111
101101|100111
101102|100111
101103|100111
101104|100101
101105|100111
101106|100101
101107|100101
101108|100111
110104|110111
110105|110111
110107|110103
110109|110102
110110|110112
110113|110111
110114|110103
110202|110201
110203|110207
110204|110210
110205|110201
110208|110207
110209|110207
110211|110210
110302|110301
110303|110301
110304|110305
110401|110301
110402|110301
110403|110301
110404|110301
110405|110106
110502|110507
110503|110507
110504|110507
110505|110501
110506|110501
110508|110507
120104|120133
120105|120133
120106|120119
120108|120133
120111|120119
120112|120133
120113|120133
120116|120119
120117|120125
120120|120133
120121|120119
120122|120125
120124|120133
120126|120133
120127|120125
120128|120125
120129|120125
120130|120125
120132|120125
120134|120125
120135|120114
120136|120119
120201|120901
120202|120901
120203|120606
120204|120901
120205|120114
120206|120114
120207|120125
120208|120901
120209|120114
120210|120901
120211|120901
120212|120901
120213|120901
120214|120901
120215|120125
120304|120302
120306|120305
120401|120901
120402|120701
120403|120901
120404|120901
120405|120701
120406|120701
120407|120901
120408|120901
120409|120901
120410|120901
120411|120701
120412|120901
120413|120901
120414|120701
120415|120701
120416|120901
120417|120901
120418|120901
120419|120305
120420|120901
120421|120901
120422|120701
120423|120901
120424|120901
120425|120901
120426|120701
120427|120701
120428|120901
120429|120701
120430|120901
120431|120901
120432|120701
120433|120701
120434|120901
120501|120701
120502|120701
120503|120701
120504|120701
120602|120601
120603|120604
120605|120601
120609|120606
120702|120701
120703|120701
120704|120701
120705|120701
120706|120701
120707|120701
120708|120701
120709|120701
120801|120701
120802|120701
120803|120701
120804|120701
120805|120701
120806|120701
120807|120701
120808|120701
120809|120701
120810|120701
120902|120901
120903|120901
120904|120901
120905|120901
120906|120901
120907|120901
120908|120901
120909|120901
130108|130106
130109|130107
130110|130106
130201|130208
130202|130208
130203|130208
130204|130205
130206|130205
130207|130208
130301|130901
130302|130901
130303|130901
130304|130901
130305|130901
130306|130901
130403|130402
130501|130601
130502|130601
130503|130601
130504|130601
130602|130601
130604|130614
130605|130614
130606|130601
130608|130601
130610|130601
130611|130601
130613|130601
130701|130704
130703|130704
130705|130702
130801|130901
130802|130901
130803|130901
130804|130901
130805|130901
130806|130901
130807|130901
130808|130901
130809|130901
130810|130901
130811|130901
130812|130901
130813|130901
130902|130901
130903|130901
130904|130901
130905|130901
130906|130901
130907|130901
130908|130901
131001|130901
131002|130901
131003|130901
131004|130901
131005|130901
131006|130614
131007|130901
131008|130901
131101|130208
131102|130614
131103|130601
131104|130614
131203|131202
140102|140117
140103|140108
140104|140108
140107|140120
140109|140117
140110|140117
140111|140118
140113|140108
140114|140108
140115|140117
140116|140117
140119|140117
140202|140201
140203|140201
140204|140201
140205|140201
140206|140201
140302|140307
140303|140312
140304|140312
140305|140312
140309|140312
140310|140307
140311|140301
150124|150119
150126|150119
150127|150119
150129|150119
150138|150119
150144|150118
150203|150202
150205|150204
150301|150811
150302|150204
150303|150811
150304|150811
150305|150811
150401|150118
150402|150118
150403|150118
150404|150118
150405|150118
150406|150118
150407|150106
150502|150509
150503|150509
150504|150501
150506|150509
150508|150510
150511|150510
150512|150507
150513|150509
150514|150501
150515|150509
150516|150510
150602|150601
150603|150601
150604|150601
150606|150601
150607|150601
150608|150601
150609|150601
150610|150601
150611|150601
150612|150601
150701|150118
150702|150118
150703|150118
150704|150118
150705|150118
150706|150118
150707|150118
150708|150118
150709|150118
150710|150118
150711|150118
150712|150118
150713|150118
150714|150118
150715|150118
150716|150118
150717|150118
150718|150118
150719|150118
150720|150118
150721|150118
150722|150118
150723|150118
150724|150118
150725|150118
150726|150118
150727|150118
150728|150118
150729|150118
150730|150118
150731|150109
150732|150118
150802|150811
150803|150805
150804|150811
150807|150811
150808|150811
150809|150811
150901|150811
150902|150811
150903|150811
150904|150811
150905|150811
150906|150811
151001|150509
151002|150509
151003|150510
151004|150509
151005|150510
151006|150510
151007|150509
151008|150510
151009|150510
151010|150509
151011|150510
151012|150510
151013|150509
151014|150118
151015|150510
151016|150510
151017|150509
151018|150509
151019|150510
151020|150510
151021|150509
151022|150509
151023|150510
151024|150509
151025|150509
151026|150509
151027|150509
151028|150118
151029|150509
151030|150509
151031|150510
151032|150510
151033|150509
160102|160113
160103|160112
160104|160108
160105|160108
160106|160108
160107|160108
160109|160108
160110|160108
160114|160108
160202|160201
160205|160201
160206|160201
160210|160201
160211|160201
160302|160301
160303|160301
160304|160301
160305|160301
160401|160108
160402|160108
160403|160101
160404|160101
160502|160501
160503|160501
160504|160501
160505|160501
160506|160501
160507|160501
160508|160501
160509|160501
160510|160501
160511|160501
160602|160601
160603|160601
160604|160601
160605|160601
160606|160601
160701|160201
160702|160201
160703|160201
160704|160201
160705|160201
160706|160201
160801|160108
160802|160108
160803|160108
160804|160108
170102|170101
170103|170101
170104|170101
170201|170101
170202|170101
170203|170101
170204|170101
170301|170101
170302|170101
170303|170101
180102|180101
180103|180101
180104|180101
180105|180101
180106|180101
180201|180101
180202|180101
180203|180101
180204|180101
180205|180101
180206|180101
180207|180101
180208|180101
180209|180101
180210|180101
180211|180101
180302|180301
180303|180301
190102|190113
190103|190113
190104|190101
190105|190101
190106|190113
190107|190101
190108|190113
190109|190101
190110|190113
190111|190101
190112|190101
190201|190206
190202|190206
190203|190206
190204|190206
190205|190206
190207|190206
190208|190206
190301|190113
190302|190113
190303|190113
190304|190113
190305|190206
190306|190113
190307|190113
190308|190206
200107|200109
200108|200110
200202|200206
200203|200201
200204|200201
200205|200201
200207|200201
200208|200201
200209|200201
200210|200201
200302|200301
200303|200301
200305|200301
200306|200304
200307|200301
200308|200301
200402|200401
200403|200401
200404|200401
200405|200401
200406|200401
200407|200401
200408|200401
200409|200401
200410|200401
200502|200501
200503|200501
200504|200501
200505|200501
200506|200501
200507|200501
200604|200607
200606|200603
200608|200602
200702|200701
200703|200701
200704|200701
200705|200701
200706|200701
200802|200801
200803|200801
200804|200801
200805|200801
200806|200801
210103|210102
210104|210101
210105|210101
210106|210102
210107|210101
210108|210101
210109|210101
210110|210101
210111|210102
210112|210102
210113|210101
210114|210101
210115|210101
210202|210201
210203|210201
210204|210201
210205|210201
210206|210201
210207|210201
210208|210201
210209|210201
210210|210201
210211|210201
210212|210201
210213|210201
210214|210201
210215|210201
210301|210801
210302|210201
210303|210801
210304|210201
210305|210801
210306|210201
210307|210201
210308|210801
210309|210801
210310|210201
210401|210501
210402|211301
210403|211301
210404|211301
210405|211301
210406|211301
210407|211301
210502|210501
210503|210501
210504|210501
210505|210501
210601|211105
210602|210201
210603|210201
210604|210201
210605|211105
210606|211105
210607|211105
210608|211105
210701|211105
210702|211101
210703|211105
210704|211105
210705|210801
210706|210801
210707|211101
210708|210201
210709|211101
210710|210801
210802|210801
210803|210801
210804|210801
210805|210801
210806|210801
210807|210801
210808|210801
210809|210801
210901|211105
210902|210102
210903|211105
210904|210102
211001|210201
211002|210201
211003|210201
211004|210201
211005|210201
211102|211101
211103|211101
211104|211101
211201|210201
211202|210201
211203|210201
211204|210201
211205|210201
211206|210201
211207|210201
211208|210201
211209|210201
211210|210201
211302|211301
211303|211301
211304|211301
211305|211301
211306|211301
211307|211301
220102|220101
220103|220105
220104|220101
220106|220101
220201|220601
220202|220601
220203|220601
220204|220601
220205|220910
220206|220601
220301|220910
220302|220910
220303|220910
220304|220910
220305|220910
220401|220601
220402|220601
220403|220601
220404|220601
220405|220601
220406|220601
220501|220910
220502|220101
220503|220909
220504|220909
220505|220910
220506|220910
220507|220910
220508|220910
220509|220910
220510|220910
220511|220910
220602|220601
220603|220601
220604|220601
220605|220601
220701|220909
220702|220909
220703|220601
220704|220909
220705|220909
220706|220601
220707|220601
220708|220909
220709|220909
220710|220909
220802|220804
220803|220804
220805|220804
220806|220801
220807|220804
220808|220801
220809|220804
220902|220909
220903|220910
220904|220909
220905|220909
220906|220909
220907|220909
220908|220909
220911|220909
220912|220910
220913|220909
220914|220909
221002|221005
221003|221001
221004|221001
221006|221005
230103|230104
230105|230102
230106|230104
230107|230104
230108|230104
230109|230102
230111|230110
230201|230104
230202|230104
230203|230104
230204|230104
230205|230104
230206|230104
230301|230102
230302|230104
230303|230101
230401|230104
230402|230104
230403|230104
230404|230104
230405|230104
230406|230104
230407|230104
230408|230104
240103|240102
240104|240102
240105|240102
240106|240102
240201|240102
240202|240102
240203|240102
240302|240301
240303|240301
240304|240301
250102|250105
250103|250107
250104|250107
250106|250105
250202|250201
250203|250201
250204|250201
250302|250301
250303|250301
250304|250301
250305|250301
250306|250301
250307|250301
250401|250201
0202|0201
0203|0210
0204|0213
0207|0213
0209|0215
0214|0205
0217|0211
0303|0307
0406|0404
0408|0404
0503|0510
0508|0507
0509|0510
0511|0510
0904|0901
0906|0903
1004|1007
1010|1003
1011|1003
1104|1103
1303|1309
1503|1508
1504|1506
1509|1508
1608|1603
1702|1701
1703|1701
1802|1801
2109|2106
2302|2301
2303|2301
2304|2301
2504|2502
