010101,010206
10101,10206
010102,010206
10102,10206
010104,010206
10104,10206
010105,010206
10105,10206
010106,010206
10106,10206
010107,010206
10107,10206
010201,010213
10201,10213
010203,010213
10203,10213
010204,010206
10204,10206
010206,010206
10206,10206
010207,010213
10207,10213
010208,010206
10208,10206
010209,010206
10209,10206
010210,010213
10210,10213
010213,010213
10213,10213
010214,010206
10214,10206
010215,010213
10215,10213
010216,010206
10216,10206
010217,010206
10217,10206
010218,010213
10218,10213
010219,010206
10219,10206
010220,010206
10220,10206
010221,010213
10221,10213
010222,010213
10222,10213
010223,010213
10223,10213
010301,010206
10301,10206
010302,010206
10302,10206
010303,010206
10303,10206
010304,010206
10304,10206
010305,010206
10305,10206
010306,010206
10306,10206
010401,010206
10401,10206
010402,010206
10402,10206
010403,010206
10403,10206
010404,010206
10404,10206
010405,010206
10405,10206
010406,010206
10406,10206
010407,010206
10407,10206
010408,010206
10408,10206
010409,010206
10409,10206
010410,010206
10410,10206
020101,020605
20101,20605
020102,020605
20102,20605
020103,020605
20103,20605
020104,020605
20104,20605
020105,020605
20105,20605
020106,020605
20106,20605
020107,020605
20107,20605
020108,020605
20108,20605
020201,020201
20201,20201
020202,020207
20202,20207
020203,020201
20203,20201
020204,020207
20204,20207
020205,020207
20205,20207
020206,020201
20206,20201
020207,020207
20207,20207
020208,020601
20208,20601
020209,020207
20209,20207
020210,020207
20210,20207
020301,020601
20301,20601
020302,020601
20302,20601
020303,020601
20303,20601
020304,020601
20304,20601
020305,020601
20305,20601
020306,020601
20306,20601
020307,020601
20307,20601
020401,020605
20401,20605
020402,020605
20402,20605
020403,020605
20403,20605
020404,020601
20404,20601
020405,020601
20405,20601
020406,020605
20406,20605
020407,020605
20407,20605
020501,020601
20501,20601
020502,020601
20502,20601
020503,020601
20503,20601
020504,020605
20504,20605
020505,020601
20505,20601
020601,020601
20601,20601
020602,020601
20602,20601
020603,020605
20603,20605
020604,020601
20604,20601
020605,020605
20605,20605
020606,020601
20606,20601
020607,020605
20607,20605
020608,020601
20608,20601
020609,020601
20609,20601
020610,020601
20610,20601
020611,020601
20611,20601
020612,020601
20612,20601
020613,020601
20613,20601
020614,020601
20614,20601
020615,020601
20615,20601
020616,020601
20616,20601
030101,030101
30101,30101
030102,030101
30102,30101
030103,030103
30103,30103
030104,030104
30104,30104
030105,030106
30105,30106
030106,030106
30106,30106
030107,030106
30107,30106
030108,030103
30108,30103
030109,030111
30109,30111
030110,030110
30110,30110
030111,030111
30111,30111
030112,030103
30112,30103
030113,030113
30113,30113
030114,030113
30114,30113
030115,030115
30115,30115
030201,030106
30201,30106
030202,030106
30202,30106
030203,030106
30203,30106
030204,030106
30204,30106
030205,030106
30205,30106
030206,030106
30206,30106
030207,030106
30207,30106
030301,030106
30301,30106
030302,030106
30302,30106
030303,030106
30303,30106
030304,030106
30304,30106
030305,030106
30305,30106
030401,030110
30401,30110
030402,030110
30402,30110
030403,030110
30403,30110
030404,030110
30404,30110
030405,030110
30405,30110
030501,030113
30501,30113
030502,030113
30502,30113
030503,030113
30503,30113
030504,030110
30504,30110
030505,030113
30505,30113
030506,030113
30506,30113
030507,030113
30507,30113
030508,030113
30508,30113
030601,030106
30601,30106
030602,030106
30602,30106
030603,030106
30603,30106
040101,040610
40101,40610
040102,040203
40102,40203
040103,040610
40103,40610
040104,040612
40104,40612
040105,040610
40105,40610
040106,040612
40106,40612
040107,040501
40107,40501
040108,040610
40108,40610
040109,040203
40109,40203
040201,040201
40201,40201
040202,040201
40202,40201
040203,040203
40203,40203
040204,040203
40204,40203
040205,040203
40205,40203
040206,040201
40206,40201
040207,040201
40207,40201
040301,040501
40301,40501
040302,040610
40302,40610
040303,040501
40303,40501
040304,040501
40304,40501
040305,040501
40305,40501
040306,040501
40306,40501
040307,040501
40307,40501
040308,040610
40308,40610
040401,040708
40401,40708
040402,040708
40402,40708
040403,040708
40403,40708
040404,040708
40404,40708
040405,040708
40405,40708
040406,040708
40406,40708
040501,040501
40501,40501
040502,040203
40502,40203
040503,040501
40503,40501
040505,040501
40505,40501
040506,040501
40506,40501
040507,040501
40507,40501
040508,040501
40508,40501
040509,040501
40509,40501
040510,040203
40510,40203
040511,040501
40511,40501
040513,040501
40513,40501
040514,040501
40514,40501
040515,040203
40515,40203
040601,040601
40601,40601
040602,040606
40602,40606
040603,040708
40603,40708
040604,040606
40604,40606
040605,040708
40605,40708
040606,040606
40606,40606
040607,040607
40607,40607
040608,040708
40608,40708
040609,040612
40609,40612
040610,040610
40610,40610
040611,040611
40611,40611
040612,040612
40612,40612
040701,040708
40701,40708
040702,040708
40702,40708
040703,040708
40703,40708
040704,040708
40704,40708
040705,040708
40705,40708
040706,040501
40706,40501
040707,040708
40707,40708
040708,040708
40708,40708
040801,040606
40801,40606
040802,040708
40802,40708
040803,040606
40803,40606
040804,040708
40804,40708
040805,040606
40805,40606
040901,040607
40901,40607
040902,040606
40902,40606
040903,040606
40903,40606
040904,040607
40904,40607
040905,040606
40905,40606
041001,040501
41001,40501
041002,040203
41002,40203
041003,040203
41003,40203
041004,040501
41004,40501
041005,040501
41005,40501
041006,040501
41006,40501
041007,040501
41007,40501
041008,040501
41008,40501
041101,040607
41101,40607
041102,040606
41102,40606
041103,040607
41103,40607
041104,040606
41104,40606
041105,040607
41105,40607
041201,040607
41201,40607
041202,040607
41202,40607
041203,040606
41203,40606
041204,040607
41204,40607
041205,040607
41205,40607
041301,040606
41301,40606
041302,040607
41302,40607
041303,040606
41303,40606
041304,040606
41304,40606
041305,040606
41305,40606
041306,040607
41306,40607
041307,040606
41307,40606
041308,040607
41308,40607
041309,040606
41309,40606
041401,040501
41401,40501
041402,040501
41402,40501
041403,040501
41403,40501
041404,040501
41404,40501
041405,040501
41405,40501
050101,080508
50101,80508
050102,080508
50102,80508
050103,080508
50103,80508
050104,080508
50104,80508
050105,080508
50105,80508
050106,080508
50106,80508
050109,080508
50109,80508
050110,080508
50110,80508
050111,080508
50111,80508
050112,080508
50112,80508
050201,080508
50201,80508
050202,080508
50202,80508
050203,080508
50203,80508
050204,080508
50204,80508
050205,080508
50205,80508
050206,100002
50206,100002
050207,080508
50207,80508
050208,080508
50208,80508
050209,100002
50209,100002
050307,080508
50307,80508
050308,080508
50308,80508
050313,080508
50313,80508
050314,080508
50314,80508
050315,080508
50315,80508
050316,080508
50316,80508
050317,080508
50317,80508
060101,060105
60101,60105
060102,060103
60102,60103
060103,060103
60103,60103
060104,060104
60104,60104
060105,060105
60105,60105
060201,060103
60201,60103
060202,060103
60202,60103
060203,060103
60203,60103
060204,060103
60204,60103
060205,060103
60205,60103
060206,060103
60206,60103
060207,060103
60207,60103
060301,060103
60301,60103
060302,060105
60302,60105
060303,060105
60303,60105
060304,060105
60304,60105
060305,060105
60305,60105
060306,060105
60306,60105
060307,060103
60307,60103
060308,060103
60308,60103
060309,060105
60309,60105
060401,060103
60401,60103
060402,060103
60402,60103
060403,060103
60403,60103
060404,060103
60404,60103
060405,060103
60405,60103
060406,060103
60406,60103
060407,060103
60407,60103
060408,060103
60408,60103
060501,060103
60501,60103
060502,060103
60502,60103
060503,060103
60503,60103
060504,060103
60504,60103
060505,060103
60505,60103
060506,060103
60506,60103
060507,060103
60507,60103
060601,060103
60601,60103
060602,060103
60602,60103
060603,060103
60603,60103
060604,060103
60604,60103
060605,060103
60605,60103
060606,060103
60606,60103
060607,060103
60607,60103
060608,060103
60608,60103
060701,060103
60701,60103
060702,060103
60702,60103
060703,060103
60703,60103
060704,060103
60704,60103
060705,060103
60705,60103
070101,060105
70101,60105
070102,060105
70102,60105
070103,060105
70103,60105
070104,060105
70104,60105
070105,060105
70105,60105
070106,060105
70106,60105
070107,060105
70107,60105
070108,060105
70108,60105
070109,060105
70109,60105
070110,060105
70110,60105
070201,060105
70201,60105
070202,060105
70202,60105
070203,060105
70203,60105
070204,060105
70204,60105
070205,060105
70205,60105
070206,060105
70206,60105
070207,060105
70207,60105
070208,060105
70208,60105
070209,060105
70209,60105
070210,060105
70210,60105
070211,060105
70211,60105
070212,060105
70212,60105
070213,060105
70213,60105
070214,060105
70214,60105
070215,060105
70215,60105
070216,060105
70216,60105
070217,060105
70217,60105
070218,060105
70218,60105
070219,060105
70219,60105
070220,060105
70220,60105
070221,060105
70221,60105
070222,060105
70222,60105
070223,060105
70223,60105
070224,060105
70224,60105
070301,060105
70301,60105
070302,060105
70302,60105
070303,060105
70303,60105
070304,060105
70304,60105
070305,060105
70305,60105
070306,060105
70306,60105
070307,060105
70307,60105
070308,060103
70308,60103
070309,060105
70309,60105
070310,060105
70310,60105
070311,060105
70311,60105
070312,060105
70312,60105
070313,060105
70313,60105
070314,060105
70314,60105
070315,060105
70315,60105
070401,060105
70401,60105
070402,060105
70402,60105
070403,060105
70403,60105
070404,060105
70404,60105
070405,060105
70405,60105
070406,060105
70406,60105
070407,060105
70407,60105
070408,060105
70408,60105
070409,060105
70409,60105
070410,060105
70410,60105
070411,060105
70411,60105
070501,060105
70501,60105
070502,060105
70502,60105
070503,060105
70503,60105
070504,060105
70504,60105
070505,060105
70505,60105
070601,060105
70601,60105
070602,060105
70602,60105
070603,060105
70603,60105
070604,060105
70604,60105
070605,060105
70605,60105
070701,060105
70701,60105
070702,060105
70702,60105
070703,060105
70703,60105
070704,060105
70704,60105
070705,060105
70705,60105
070706,060105
70706,60105
070707,060105
70707,60105
070708,060105
70708,60105
070709,060105
70709,60105
070710,060105
70710,60105
070711,060105
70711,60105
080201,080508
80201,80508
080202,080508
80202,80508
080203,080508
80203,80508
080204,080508
80204,80508
080205,080802
80205,80802
080206,080825
80206,80825
080501,080501
80501,80501
080502,080501
80502,80501
080503,080825
80503,80825
080504,080501
80504,80501
080505,080501
80505,80501
080506,080501
80506,80501
080507,080508
80507,80508
080508,080508
80508,80508
080601,080508
80601,80508
080602,080508
80602,80508
080603,080508
80603,80508
080604,080508
80604,80508
080605,080508
80605,80508
080801,080802
80801,80802
080802,080802
80802,80802
080803,080803
80803,80803
080804,080804
80804,80804
080805,080805
80805,80805
080806,080806
80806,80806
080807,080807
80807,80807
080808,080808
80808,80808
080809,080809
80809,80809
080810,080810
80810,80810
080811,080811
80811,80811
080812,080812
80812,80812
080813,080813
80813,80813
080814,080814
80814,80814
080815,080815
80815,80815
080816,080816
80816,80816
080817,080817
80817,80817
080818,080817
80818,80817
080819,080819
80819,80819
080820,080820
80820,80820
080821,080821
80821,80821
080822,080822
80822,80822
080823,080823
80823,80823
080824,080824
80824,80824
080825,080825
80825,80825
080826,080826
80826,80826
081001,081001
81001,81001
081002,081002
81002,81002
081003,081003
81003,81003
081004,081005
81004,81005
081005,081005
81005,81005
081006,081006
81006,81006
081007,081007
81007,81007
081008,081008
81008,81008
081009,081009
81009,81009
081101,080802
81101,80802
081102,080802
81102,80802
081103,080802
81103,80802
090101,091014
90101,91014
090102,091001
90102,91001
090103,091014
90103,91014
090104,091014
90104,91014
090105,091014
90105,91014
090201,091007
90201,91007
090202,091007
90202,91007
090203,091007
90203,91007
090204,091007
90204,91007
090205,091007
90205,91007
090206,091007
90206,91007
090207,091007
90207,91007
090208,091007
90208,91007
090209,091007
90209,91007
090210,091007
90210,91007
090211,091007
90211,91007
090212,091007
90212,91007
090301,091007
90301,91007
090302,091101
90302,91101
090303,091007
90303,91007
090304,091007
90304,91007
090305,091101
90305,91101
090306,091007
90306,91007
090307,091007
90307,91007
090308,091101
90308,91101
090401,091101
90401,91101
090402,091101
90402,91101
090403,091101
90403,91101
090404,091001
90404,91001
090405,091101
90405,91101
090406,091007
90406,91007
090407,091101
90407,91101
090501,091101
90501,91101
090502,091101
90502,91101
090503,091101
90503,91101
090504,091101
90504,91101
090505,091101
90505,91101
090506,091101
90506,91101
090507,091101
90507,91101
090508,091101
90508,91101
090509,091101
90509,91101
090510,091101
90510,91101
090511,091101
90511,91101
090512,091101
90512,91101
090513,091101
90513,91101
090601,091001
90601,91001
090602,091101
90602,91101
090603,091001
90603,91001
090604,091101
90604,91101
090605,091001
90605,91001
090606,091101
90606,91101
090607,091001
90607,91001
090608,091001
90608,91001
090701,091101
90701,91101
090702,091101
90702,91101
090703,091001
90703,91001
090704,091101
90704,91101
090705,091001
90705,91001
090801,091007
90801,91007
090802,091007
90802,91007
090803,091007
90803,91007
090804,091007
90804,91007
090805,091007
90805,91007
090806,091007
90806,91007
090901,091007
90901,91007
090902,091007
90902,91007
090903,091007
90903,91007
090904,091007
90904,91007
090905,091007
90905,91007
090906,091007
90906,91007
090907,091007
90907,91007
090908,091007
90908,91007
091001,091001
91001,91001
091002,091001
91002,91001
091003,091007
91003,91007
091004,091014
91004,91014
091005,091001
91005,91001
091006,091001
91006,91001
091007,091007
91007,91007
091008,091001
91008,91001
091009,091014
91009,91014
091010,091001
91010,91001
091011,091011
91011,91011
091012,091007
91012,91007
091013,091011
91013,91011
091014,091014
91014,91014
091015,091014
91015,91014
091016,091001
91016,91001
091101,091101
91101,91101
091102,091101
91102,91101
091103,091101
91103,91101
091104,091101
91104,91101
091105,091101
91105,91101
091106,091101
91106,91101
091107,091101
91107,91101
091108,091101
91108,91101
091109,091101
91109,91101
091110,091101
91110,91101
091111,091101
91111,91101
091112,091101
91112,91101
091201,091001
91201,91001
091202,091001
91202,91001
091203,091001
91203,91001
091204,091001
91204,91001
091205,091001
91205,91001
100001,100001
100002,100002
100003,100002
100004,100002
110101,100002
110102,100002
110103,100002
110201,080508
110201,80508
110202,080508
110202,80508
120101,040606
120101,40606
120102,040606
120102,40606
120103,040606
120103,40606
120104,040606
120104,40606
120105,040606
120105,40606
120106,040606
120106,40606
120107,040606
120107,40606
120108,040606
120108,40606
120201,040606
120201,40606
120202,040606
120202,40606
120203,040606
120203,40606
120204,040606
120204,40606
120205,040606
120205,40606
120206,040606
120206,40606
120207,040606
120207,40606
120208,040606
120208,40606
120301,091101
120301,91101
120302,091101
120302,91101
120303,091101
120303,91101
120304,091101
120304,91101
120305,091101
120305,91101
120306,091101
120306,91101
120307,091101
120307,91101
120308,091101
120308,91101
120309,091101
120309,91101
120310,091101
120310,91101
120311,091101
120311,91101
120312,091101
120312,91101
120313,091101
120313,91101
120314,091101
120314,91101
120315,091101
120315,91101
120316,091101
120316,91101
120401,091101
120401,91101
120402,040606
120402,40606
120403,040606
120403,40606
120404,091101
120404,91101
120405,040606
120405,40606
120501,091101
120501,91101
120502,091101
120502,91101
120503,091101
120503,91101
120504,091101
120504,91101
120505,091101
120505,91101
120506,091007
120506,91007
120507,091101
120507,91101
120508,091101
120508,91101
120509,091007
120509,91007
120510,091101
120510,91101
120511,091101
120511,91101
120601,040708
120601,40708
120604,040606
120604,40606
120605,040606
120605,40606
120606,040606
120606,40606
120607,040606
120607,40606
120610,040606
120610,40606
120611,040606
120611,40606
120701,010206
120701,10206
120702,010206
120702,10206
120705,040606
120705,40606
120706,040708
120706,40708
120708,040606
120708,40606
120801,040708
120801,40708
120802,040708
120802,40708
120803,040606
120803,40606
120804,040708
120804,40708
120805,010206
120805,10206
120901,091007
120901,91007
120902,091007
120902,91007
120903,091007
120903,91007
120904,091007
120904,91007
120905,091007
120905,91007
130101,130101
130102,130102
130103,130103
130104,130103
130105,130105
130106,130106
130107,130107
130108,130108
130109,130109
130301,130716
130302,130708
130303,130716
130304,130716
130305,130709
130306,130708
130307,130708
130308,130709
130309,130708
130310,130708
130311,130708
130312,130708
130313,130708
130401,130716
130402,130716
130403,130716
130404,130716
130405,130708
130406,130716
130407,130716
130408,130716
130409,130716
130410,130716
130411,130708
130701,130701
130702,130702
130703,130709
130704,130709
130705,130102
130706,130706
130707,130708
130708,130708
130709,130709
130710,130709
130711,130709
130712,130709
130713,130708
130714,130709
130715,130709
130716,130716
130717,130717
130718,130708
130901,130716
130902,130716
130903,130716
130904,130716
130905,130716
130906,130708
130907,130716
130908,130708
130909,130716
