010101
10101
010102
10102
010104
10104
010105
10105
010106
10106
010107
10107
010201
10201
010203
10203
010204
10204
010206
10206
010207
10207
010208
10208
010209
10209
010210
10210
010213
10213
010214
10214
010215
10215
010216
10216
010217
10217
010218
10218
010219
10219
010220
10220
010221
10221
010222
10222
010223
10223
010301
10301
010302
10302
010303
10303
010304
10304
010305
10305
010306
10306
010401
10401
010402
10402
010403
10403
010404
10404
010405
10405
010406
10406
010407
10407
010408
10408
010409
10409
010410
10410
020101
20101
020102
20102
020103
20103
020104
20104
020105
20105
020106
20106
020107
20107
020108
20108
020201
20201
020202
20202
020203
20203
020204
20204
020205
20205
020206
20206
020207
20207
020208
20208
020209
20209
020210
20210
020301
20301
020302
20302
020303
20303
020304
20304
020305
20305
020306
20306
020307
20307
020401
20401
020402
20402
020403
20403
020404
20404
020405
20405
020406
20406
020407
20407
020501
20501
020502
20502
020503
20503
020504
20504
020505
20505
020601
20601
020602
20602
020603
20603
020604
20604
020605
20605
020606
20606
020607
20607
020608
20608
020609
20609
020610
20610
020611
20611
020612
20612
020613
20613
020614
20614
020615
20615
020616
20616
030101
30101
030102
30102
030103
30103
030104
30104
030105
30105
030106
30106
030107
30107
030108
30108
030109
30109
030110
30110
030111
30111
030112
30112
030113
30113
030114
30114
030115
30115
030201
30201
030202
30202
030203
30203
030204
30204
030205
30205
030206
30206
030207
30207
030301
30301
030302
30302
030303
30303
030304
30304
030305
30305
030401
30401
030402
30402
030403
30403
030404
30404
030405
30405
030501
30501
030502
30502
030503
30503
030504
30504
030505
30505
030506
30506
030507
30507
030508
30508
030601
30601
030602
30602
030603
30603
040101
40101
040102
40102
040103
40103
040104
40104
040105
40105
040106
40106
040107
40107
040108
40108
040109
40109
040201
40201
040202
40202
040203
40203
040204
40204
040205
40205
040206
40206
040207
40207
040301
40301
040302
40302
040303
40303
040304
40304
040305
40305
040306
40306
040307
40307
040308
40308
040401
40401
040402
40402
040403
40403
040404
40404
040405
40405
040406
40406
040501
40501
040502
40502
040503
40503
040505
40505
040506
40506
040507
40507
040508
40508
040509
40509
040510
40510
040511
40511
040513
40513
040514
40514
040515
40515
040601
40601
040602
40602
040603
40603
040604
40604
040605
40605
040606
40606
040607
40607
040608
40608
040609
40609
040610
40610
040611
40611
040612
40612
040701
40701
040702
40702
040703
40703
040704
40704
040705
40705
040706
40706
040707
40707
040708
40708
040801
40801
040802
40802
040803
40803
040804
40804
040805
40805
040901
40901
040902
40902
040903
40903
040904
40904
040905
40905
041001
41001
041002
41002
041003
41003
041004
41004
041005
41005
041006
41006
041007
41007
041008
41008
041101
41101
041102
41102
041103
41103
041104
41104
041105
41105
041201
41201
041202
41202
041203
41203
041204
41204
041205
41205
041301
41301
041302
41302
041303
41303
041304
41304
041305
41305
041306
41306
041307
41307
041308
41308
041309
41309
041401
41401
041402
41402
041403
41403
041404
41404
041405
41405
050101
50101
050102
50102
050103
50103
050104
50104
050105
50105
050106
50106
050109
50109
050110
50110
050111
50111
050112
50112
050201
50201
050202
50202
050203
50203
050204
50204
050205
50205
050206
50206
050207
50207
050208
50208
050209
50209
050307
50307
050308
50308
050313
50313
050314
50314
050315
50315
050316
50316
050317
50317
060101
60101
060102
60102
060103
60103
060104
60104
060105
60105
060201
60201
060202
60202
060203
60203
060204
60204
060205
60205
060206
60206
060207
60207
060301
60301
060302
60302
060303
60303
060304
60304
060305
60305
060306
60306
060307
60307
060308
60308
060309
60309
060401
60401
060402
60402
060403
60403
060404
60404
060405
60405
060406
60406
060407
60407
060408
60408
060501
60501
060502
60502
060503
60503
060504
60504
060505
60505
060506
60506
060507
60507
060601
60601
060602
60602
060603
60603
060604
60604
060605
60605
060606
60606
060607
60607
060608
60608
060701
60701
060702
60702
060703
60703
060704
60704
060705
60705
070101
70101
070102
70102
070103
70103
070104
70104
070105
70105
070106
70106
070107
70107
070108
70108
070109
70109
070110
70110
070201
70201
070202
70202
070203
70203
070204
70204
070205
70205
070206
70206
070207
70207
070208
70208
070209
70209
070210
70210
070211
70211
070212
70212
070213
70213
070214
70214
070215
70215
070216
70216
070217
70217
070218
70218
070219
70219
070220
70220
070221
70221
070222
70222
070223
70223
070224
70224
070301
70301
070302
70302
070303
70303
070304
70304
070305
70305
070306
70306
070307
70307
070308
70308
070309
70309
070310
70310
070311
70311
070312
70312
070313
70313
070314
70314
070315
70315
070401
70401
070402
70402
070403
70403
070404
70404
070405
70405
070406
70406
070407
70407
070408
70408
070409
70409
070410
70410
070411
70411
070501
70501
070502
70502
070503
70503
070504
70504
070505
70505
070601
70601
070602
70602
070603
70603
070604
70604
070605
70605
070701
70701
070702
70702
070703
70703
070704
70704
070705
70705
070706
70706
070707
70707
070708
70708
070709
70709
070710
70710
070711
70711
080201
80201
080202
80202
080203
80203
080204
80204
080205
80205
080206
80206
080501
80501
080502
80502
080503
80503
080504
80504
080505
80505
080506
80506
080507
80507
080508
80508
080601
80601
080602
80602
080603
80603
080604
80604
080605
80605
080801
80801
080802
80802
080803
80803
080804
80804
080805
80805
080806
80806
080807
80807
080808
80808
080809
80809
080810
80810
080811
80811
080812
80812
080813
80813
080814
80814
080815
80815
080816
80816
080817
80817
080818
80818
080819
80819
080820
80820
080821
80821
080822
80822
080823
80823
080824
80824
080825
80825
080826
80826
081001
81001
081002
81002
081003
81003
081004
81004
081005
81005
081006
81006
081007
81007
081008
81008
081009
81009
081101
81101
081102
81102
081103
81103
090101
90101
090102
90102
090103
90103
090104
90104
090105
90105
090201
90201
090202
90202
090203
90203
090204
90204
090205
90205
090206
90206
090207
90207
090208
90208
090209
90209
090210
90210
090211
90211
090212
90212
090301
90301
090302
90302
090303
90303
090304
90304
090305
90305
090306
90306
090307
90307
090308
90308
090401
90401
090402
90402
090403
90403
090404
90404
090405
90405
090406
90406
090407
90407
090501
90501
090502
90502
090503
90503
090504
90504
090505
90505
090506
90506
090507
90507
090508
90508
090509
90509
090510
90510
090511
90511
090512
90512
090513
90513
090601
90601
090602
90602
090603
90603
090604
90604
090605
90605
090606
90606
090607
90607
090608
90608
090701
90701
090702
90702
090703
90703
090704
90704
090705
90705
090801
90801
090802
90802
090803
90803
090804
90804
090805
90805
090806
90806
090901
90901
090902
90902
090903
90903
090904
90904
090905
90905
090906
90906
090907
90907
090908
90908
091001
91001
091002
91002
091003
91003
091004
91004
091005
91005
091006
91006
091007
91007
091008
91008
091009
91009
091010
91010
091011
91011
091012
91012
091013
91013
091014
91014
091015
91015
091016
91016
091101
91101
091102
91102
091103
91103
091104
91104
091105
91105
091106
91106
091107
91107
091108
91108
091109
91109
091110
91110
091111
91111
091112
91112
091201
91201
091202
91202
091203
91203
091204
91204
091205
91205
100001
100002
100003
100004
110101
110102
110103
110201
110202
120101
120102
120103
120104
120105
120106
120107
120108
120201
120202
120203
120204
120205
120206
120207
120208
120301
120302
120303
120304
120305
120306
120307
120308
120309
120310
120311
120312
120313
120314
120315
120316
120401
120402
120403
120404
120405
120501
120502
120503
120504
120505
120506
120507
120508
120509
120510
120511
120601
120604
120605
120606
120607
120610
120611
120701
120702
120705
120706
120708
120801
120802
120803
120804
120805
120901
120902
120903
120904
120905
130101
130102
130103
130104
130105
130106
130107
130108
130109
130301
130302
130303
130304
130305
130306
130307
130308
130309
130310
130311
130312
130313
130401
130402
130403
130404
130405
130406
130407
130408
130409
130410
130411
130701
130702
130703
130704
130705
130706
130707
130708
130709
130710
130711
130712
130713
130714
130715
130716
130717
130718
130901
130902
130903
130904
130905
130906
130907
130908
130909
0101
101
0102
102
0103
103
0104
104
0201
201
0202
202
0203
203
0204
204
0205
205
0206
206
0301
301
0302
302
0303
303
0304
304
0305
305
0306
306
0401
401
0402
402
0403
403
0404
404
0405
405
0406
406
0407
407
0408
408
0409
409
0410
410
0411
411
0412
412
0413
413
0414
414
0501
501
0502
502
0503
503
0601
601
0602
602
0603
603
0604
604
0605
605
0606
606
0607
607
0701
701
0702
702
0703
703
0704
704
0705
705
0706
706
0707
707
0802
802
0805
805
0806
806
0808
808
0810
810
0811
811
0901
901
0902
902
0903
903
0904
904
0905
905
0906
906
0907
907
0908
908
0909
909
0910
910
0911
911
0912
912
1101
1102
1201
1202
1203
1204
1205
1206
1207
1208
1209
1301
1303
1304
1307
1309
