0000|0000
0001|1001
0002|2002
0003|3003
0004|4004
0005|5005
0006|6006
0007|7007
0008|8008
0009|9009
000E|E000
000S|S000
000_|_000
0010|0010
0011|1011
0012|2012
0013|3013
0014|4014
0015|5015
0016|6016
0017|7017
0018|8018
0019|9019
001E|E001
001S|S001
001_|_001
0020|0020
0021|1021
0022|2022
0023|3023
0024|4024
0025|5025
0026|6026
0027|7027
0028|8028
0029|9029
002E|E002
002S|S002
002_|_002
0030|0030
0031|1031
0032|2032
0033|3033
0034|4034
0035|5035
0036|6036
0037|7037
0038|8038
0039|9039
003E|E003
003S|S003
003_|_003
0040|0040
0041|1041
0042|2042
0043|3043
0044|4044
0045|5045
0046|6046
0047|7047
0048|8048
0049|9049
004E|E004
004S|S004
004_|_004
0050|0050
0051|1051
0052|2052
0053|3053
0054|4054
0055|5055
0056|6056
0057|7057
0058|8058
0059|9059
005E|E005
005S|S005
005_|_005
0060|0060
0061|1061
0062|2062
0063|3063
0064|4064
0065|5065
0066|6066
0067|7067
0068|8068
0069|9069
006E|E006
006S|S006
006_|_006
0070|0070
0071|1071
0072|2072
0073|3073
0074|4074
0075|5075
0076|6076
0077|7077
0078|8078
0079|9079
007E|E007
007S|S007
007_|_007
0080|0080
0081|1081
0082|2082
0083|3083
0084|4084
0085|5085
0086|6086
0087|7087
0088|8088
0089|9089
008E|E008
008S|S008
008_|_008
0090|0090
0091|1091
0092|2092
0093|3093
0094|4094
0095|5095
0096|6096
0097|7097
0098|8098
0099|9099
009E|E009
009S|S009
009_|_009
0100|0100
0101|1101
0102|2102
0103|3103
0104|4104
0105|5105
0106|6106
0107|7107
0108|8108
0109|9109
010E|E010
010S|S010
010_|_010
0110|0110
0111|1111
0112|2112
0113|3113
0114|4114
0115|5115
0116|6116
0117|7117
0118|8118
0119|9119
011E|E011
011S|S011
011_|_011
0120|0120
0121|1121
0122|2122
0123|3123
0124|4124
0125|5125
0126|6126
0127|7127
0128|8128
0129|9129
012E|E012
012S|S012
012_|_012
0130|0130
0131|1131
0132|2132
0133|3133
0134|4134
0135|5135
0136|6136
0137|7137
0138|8138
0139|9139
013E|E013
013S|S013
013_|_013
0140|0140
0141|1141
0142|2142
0143|3143
0144|4144
0145|5145
0146|6146
0147|7147
0148|8148
0149|9149
014E|E014
014S|S014
014_|_014
0150|0150
0151|1151
0152|2152
0153|3153
0154|4154
0155|5155
0156|6156
0157|7157
0158|8158
0159|9159
015E|E015
015S|S015
015_|_015
0160|0160
0161|1161
0162|2162
0163|3163
0164|4164
0165|5165
0166|6166
0167|7167
0168|8168
0169|9169
016E|E016
016S|S016
016_|_016
0170|0170
0171|1171
0172|2172
0173|3173
0174|4174
0175|5175
0176|6176
0177|7177
0178|8178
0179|9179
017E|E017
017S|S017
017_|_017
0180|0180
0181|1181
0182|2182
0183|3183
0184|4184
0185|5185
0186|6186
0187|7187
0188|8188
0189|9189
018E|E018
018S|S018
018_|_018
0190|0190
0191|1191
0192|2192
0193|3193
0194|4194
0195|5195
0196|6196
0197|7197
0198|8198
0199|9199
019E|E019
019S|S019
019_|_019
0200|0200
0201|1201
0202|2202
0203|3203
0204|4204
0205|5205
0206|6206
0207|7207
0208|8208
0209|9209
020E|E020
020S|S020
020_|_020
0210|0210
0211|1211
0212|2212
0213|3213
0214|4214
0215|5215
0216|6216
0217|7217
0218|8218
0219|9219
021E|E021
021S|S021
021_|_021
0220|0220
0221|1221
0222|2222
0223|3223
0224|4224
0225|5225
0226|6226
0227|7227
0228|8228
0229|9229
022E|E022
022S|S022
022_|_022
0230|0230
0231|1231
0232|2232
0233|3233
0234|4234
0235|5235
0236|6236
0237|7237
0238|8238
0239|9239
023E|E023
023S|S023
023_|_023
0240|0240
0241|1241
0242|2242
0243|3243
0244|4244
0245|5245
0246|6246
0247|7247
0248|8248
0249|9249
024E|E024
024S|S024
024_|_024
0250|0250
0251|1251
0252|2252
0253|3253
0254|4254
0255|5255
0256|6256
0257|7257
0258|8258
0259|9259
025E|E025
025S|S025
025_|_025
0260|0260
0261|1261
0262|2262
0263|3263
0264|4264
0265|5265
0266|6266
0267|7267
0268|8268
0269|9269
026E|E026
026S|S026
026_|_026
0270|0270
0271|1271
0272|2272
0273|3273
0274|4274
0275|5275
0276|6276
0277|7277
0278|8278
0279|9279
027E|E027
027S|S027
027_|_027
0280|0280
0281|1281
0282|2282
0283|3283
0284|4284
0285|5285
0286|6286
0287|7287
0288|8288
0289|9289
028E|E028
028S|S028
028_|_028
0290|0290
0291|1291
0292|2292
0293|3293
0294|4294
0295|5295
0296|6296
0297|7297
0298|8298
0299|9299
029E|E029
029S|S029
029_|_029
0300|0300
0301|1301
0302|2302
0303|3303
0304|4304
0305|5305
0306|6306
0307|7307
0308|8308
0309|9309
030E|E030
030S|S030
030_|_030
0310|0310
0311|1311
0312|2312
0313|3313
0314|4314
0315|5315
0316|6316
0317|7317
0318|8318
0319|9319
031E|E031
031S|S031
031_|_031
0320|0320
0321|1321
0322|2322
0323|3323
0324|4324
0325|5325
0326|6326
0327|7327
0328|8328
0329|9329
032E|E032
032S|S032
032_|_032
0330|0330
0331|1331
0332|2332
0333|3333
0334|4334
0335|5335
0336|6336
0337|7337
0338|8338
0339|9339
033E|E033
033S|S033
033_|_033
0340|0340
0341|1341
0342|2342
0343|3343
0344|4344
0345|5345
0346|6346
0347|7347
0348|8348
0349|9349
034E|E034
034S|S034
034_|_034
0350|0350
0351|1351
0352|2352
0353|3353
0354|4354
0355|5355
0356|6356
0357|7357
0358|8358
0359|9359
035E|E035
035S|S035
035_|_035
0360|0360
0361|1361
0362|2362
0363|3363
0364|4364
0365|5365
0366|6366
0367|7367
0368|8368
0369|9369
036E|E036
036S|S036
036_|_036
0370|0370
0371|1371
0372|2372
0373|3373
0374|4374
0375|5375
0376|6376
0377|7377
0378|8378
0379|9379
037E|E037
037S|S037
037_|_037
0380|0380
0381|1381
0382|2382
0383|3383
0384|4384
0385|5385
0386|6386
0387|7387
0388|8388
0389|9389
038E|E038
038S|S038
038_|_038
0390|0390
0391|1391
0392|2392
0393|3393
0394|4394
0395|5395
0396|6396
0397|7397
0398|8398
0399|9399
039E|E039
039S|S039
039_|_039
0400|0400
0401|1401
0402|2402
0403|3403
0404|4404
0405|5405
0406|6406
0407|7407
0408|8408
0409|9409
040E|E040
040S|S040
040_|_040
0410|0410
0411|1411
0412|2412
0413|3413
0414|4414
0415|5415
0416|6416
0417|7417
0418|8418
0419|9419
041E|E041
041S|S041
041_|_041
0420|0420
0421|1421
0422|2422
0423|3423
0424|4424
0425|5425
0426|6426
0427|7427
0428|8428
0429|9429
042E|E042
042S|S042
042_|_042
0430|0430
0431|1431
0432|2432
0433|3433
0434|4434
0435|5435
0436|6436
0437|7437
0438|8438
0439|9439
043E|E043
043S|S043
043_|_043
0440|0440
0441|1441
0442|2442
0443|3443
0444|4444
0445|5445
0446|6446
0447|7447
0448|8448
0449|9449
044E|E044
044S|S044
044_|_044
0450|0450
0451|1451
0452|2452
0453|3453
0454|4454
0455|5455
0456|6456
0457|7457
0458|8458
0459|9459
045E|E045
045S|S045
045_|_045
0460|0460
0461|1461
0462|2462
0463|3463
0464|4464
0465|5465
0466|6466
0467|7467
0468|8468
0469|9469
046E|E046
046S|S046
046_|_046
0470|0470
0471|1471
0472|2472
0473|3473
0474|4474
0475|5475
0476|6476
0477|7477
0478|8478
0479|9479
047E|E047
047S|S047
047_|_047
0480|0480
0481|1481
0482|2482
0483|3483
0484|4484
0485|5485
0486|6486
0487|7487
0488|8488
0489|9489
048E|E048
048S|S048
048_|_048
0490|0490
0491|1491
0492|2492
0493|3493
0494|4494
0495|5495
0496|6496
0497|7497
0498|8498
0499|9499
049E|E049
049S|S049
049_|_049
0500|0500
0501|1501
0502|2502
0503|3503
0504|4504
0505|5505
0506|6506
0507|7507
0508|8508
0509|9509
050E|E050
050S|S050
050_|_050
0510|0510
0511|1511
0512|2512
0513|3513
0514|4514
0515|5515
0516|6516
0517|7517
0518|8518
0519|9519
051E|E051
051S|S051
051_|_051
0520|0520
0521|1521
0522|2522
0523|3523
0524|4524
0525|5525
0526|6526
0527|7527
0528|8528
0529|9000
052E|E052
052S|S052
052_|_052
0530|0001
0531|1002
0532|2003
0533|3004
0534|4005
0535|5006
0536|6007
0537|7008
0538|8009
0539|9010
053E|E053
053S|S053
053_|_053
0540|0011
0541|1012
0542|2013
0543|3014
0544|4015
0545|5016
0546|6017
0547|7018
0548|8019
0549|9020
054E|E054
054S|S054
054_|_054
0550|0021
0551|1022
0552|2023
0553|3024
0554|4025
0555|5026
0556|6027
0557|7028
0558|8029
0559|9030
055E|E055
055S|S055
055_|_055
0560|0031
0561|1032
0562|2033
0563|3034
0564|4035
0565|5036
0566|6037
0567|7038
0568|8039
0569|9040
056E|E056
056S|S056
056_|_056
0570|0041
0571|1042
0572|2043
0573|3044
0574|4045
0575|5046
0576|6047
0577|7048
0578|8049
0579|9050
057E|E057
057S|S057
057_|_057
0580|0051
0581|1052
0582|2053
0583|3054
0584|4055
0585|5056
0586|6057
0587|7058
0588|8059
0589|9060
058E|E058
058S|S058
058_|_058
0590|0061
0591|1062
0592|2063
0593|3064
0594|4065
0595|5066
0596|6067
0597|7068
0598|8069
0599|9070
059E|E059
059S|S059
059_|_059
0600|0071
0601|1072
0602|2073
0603|3074
0604|4075
0605|5076
0606|6077
0607|7078
0608|8079
0609|9080
060E|E060
060S|S060
060_|_060
0610|0081
0611|1082
0612|2083
0613|3084
0614|4085
0615|5086
0616|6087
0617|7088
0618|8089
0619|9090
061E|E061
061S|S061
061_|_061
0620|0091
0621|1092
0622|2093
0623|3094
0624|4095
0625|5096
0626|6097
0627|7098
0628|8099
0629|9100
062E|E062
062S|S062
062_|_062
0630|0101
0631|1102
0632|2103
0633|3104
0634|4105
0635|5106
0636|6107
0637|7108
0638|8109
0639|9110
063E|E063
063S|S063
063_|_063
0640|0111
0641|1112
0642|2113
0643|3114
0644|4115
0645|5116
0646|6117
0647|7118
0648|8119
0649|9120
064E|E064
064S|S064
064_|_064
0650|0121
0651|1122
0652|2123
0653|3124
0654|4125
0655|5126
0656|6127
0657|7128
0658|8129
0659|9130
065E|E065
065S|S065
065_|_065
0660|0131
0661|1132
0662|2133
0663|3134
0664|4135
0665|5136
0666|6137
0667|7138
0668|8139
0669|9140
066E|E066
066S|S066
066_|_066
0670|0141
0671|1142
0672|2143
0673|3144
0674|4145
0675|5146
0676|6147
0677|7148
0678|8149
0679|9150
067E|E067
067S|S067
067_|_067
0680|0151
0681|1152
0682|2153
0683|3154
0684|4155
0685|5156
0686|6157
0687|7158
0688|8159
0689|9160
068E|E068
068S|S068
068_|_068
0690|0161
0691|1162
0692|2163
0693|3164
0694|4165
0695|5166
0696|6167
0697|7168
0698|8169
0699|9170
069E|E069
069S|S069
069_|_069
0700|0171
0701|1172
0702|2173
0703|3174
0704|4175
0705|5176
0706|6177
0707|7178
0708|8179
0709|9180
070E|E070
070S|S070
070_|_070
0710|0181
0711|1182
0712|2183
0713|3184
0714|4185
0715|5186
0716|6187
0717|7188
0718|8189
0719|9190
071E|E071
071S|S071
071_|_071
0720|0191
0721|1192
0722|2193
0723|3194
0724|4195
0725|5196
0726|6197
0727|7198
0728|8199
0729|9200
072E|E072
072S|S072
072_|_072
0730|0201
0731|1202
0732|2203
0733|3204
0734|4205
0735|5206
0736|6207
0737|7208
0738|8209
0739|9210
073E|E073
073S|S073
073_|_073
0740|0211
0741|1212
0742|2213
0743|3214
0744|4215
0745|5216
0746|6217
0747|7218
0748|8219
0749|9220
074E|E074
074S|S074
074_|_074
0750|0221
0751|1222
0752|2223
0753|3224
0754|4225
0755|5226
0756|6227
0757|7228
0758|8229
0759|9230
075E|E075
075S|S075
075_|_075
0760|0231
0761|1232
0762|2233
0763|3234
0764|4235
0765|5236
0766|6237
0767|7238
0768|8239
0769|9240
076E|E076
076S|S076
076_|_076
0770|0241
0771|1242
0772|2243
0773|3244
0774|4245
0775|5246
0776|6247
0777|7248
0778|8249
0779|9250
077E|E077
077S|S077
077_|_077
0780|0251
0781|1252
0782|2253
0783|3254
0784|4255
0785|5256
0786|6257
0787|7258
0788|8259
0789|9260
078E|E078
078S|S078
078_|_078
0790|0261
0791|1262
0792|2263
0793|3264
0794|4265
0795|5266
0796|6267
0797|7268
0798|8269
0799|9270
079E|E079
079S|S079
079_|_079
0800|0271
0801|1272
0802|2273
0803|3274
0804|4275
0805|5276
0806|6277
0807|7278
0808|8279
0809|9280
080E|E080
080S|S080
080_|_080
0810|0281
0811|1282
0812|2283
0813|3284
0814|4285
0815|5286
0816|6287
0817|7288
0818|8289
0819|9290
081E|E081
081S|S081
081_|_081
0820|0291
0821|1292
0822|2293
0823|3294
0824|4295
0825|5296
0826|6297
0827|7298
0828|8299
0829|9300
082E|E082
082S|S082
082_|_082
0830|0301
0831|1302
0832|2303
0833|3304
0834|4305
0835|5306
0836|6307
0837|7308
0838|8309
0839|9310
083E|E083
083S|S083
083_|_083
0840|0311
0841|1312
0842|2313
0843|3314
0844|4315
0845|5316
0846|6317
0847|7318
0848|8319
0849|9320
084E|E084
084S|S084
084_|_084
0850|0321
0851|1322
0852|2323
0853|3324
0854|4325
0855|5326
0856|6327
0857|7328
0858|8329
0859|9330
085E|E085
085S|S085
085_|_085
0860|0331
0861|1332
0862|2333
0863|3334
0864|4335
0865|5336
0866|6337
0867|7338
0868|8339
0869|9340
086E|E086
086S|S086
086_|_086
0870|0341
0871|1342
0872|2343
0873|3344
0874|4345
0875|5346
0876|6347
0877|7348
0878|8349
0879|9350
087E|E087
087S|S087
087_|_087
0880|0351
0881|1352
0882|2353
0883|3354
0884|4355
0885|5356
0886|6357
0887|7358
0888|8359
0889|9360
088E|E088
088S|S088
088_|_088
0890|0361
0891|1362
0892|2363
0893|3364
0894|4365
0895|5366
0896|6367
0897|7368
0898|8369
0899|9370
089E|E089
089S|S089
089_|_089
0900|0371
0901|1372
0902|2373
0903|3374
0904|4375
0905|5376
0906|6377
0907|7378
0908|8379
0909|9380
090E|E090
090S|S090
090_|_090
0910|0381
0911|1382
0912|2383
0913|3384
0914|4385
0915|5386
0916|6387
0917|7388
0918|8389
0919|9390
091E|E091
091S|S091
091_|_091
0920|0391
0921|1392
0922|2393
0923|3394
0924|4395
0925|5396
0926|6397
0927|7398
0928|8399
0929|9400
092E|E092
092S|S092
092_|_092
0930|0401
0931|1402
0932|2403
0933|3404
0934|4405
0935|5406
0936|6407
0937|7408
0938|8409
0939|9410
093E|E093
093S|S093
093_|_093
0940|0411
0941|1412
0942|2413
0943|3414
0944|4415
0945|5416
0946|6417
0947|7418
0948|8419
0949|9420
094E|E094
094S|S094
094_|_094
0950|0421
0951|1422
0952|2423
0953|3424
0954|4425
0955|5426
0956|6427
0957|7428
0958|8429
0959|9430
095E|E095
095S|S095
095_|_095
0960|0431
0961|1432
0962|2433
0963|3434
0964|4435
0965|5436
0966|6437
0967|7438
0968|8439
0969|9440
096E|E096
096S|S096
096_|_096
0970|0441
0971|1442
0972|2443
0973|3444
0974|4445
0975|5446
0976|6447
0977|7448
0978|8449
0979|9450
097E|E097
097S|S097
097_|_097
0980|0451
0981|1452
0982|2453
0983|3454
0984|4455
0985|5456
0986|6457
0987|7458
0988|8459
0989|9460
098E|E098
098S|S098
098_|_098
0990|0461
0991|1462
0992|2463
0993|3464
0994|4465
0995|5466
0996|6467
0997|7468
0998|8469
0999|9470
099E|E099
099S|S099
099_|_099
1000|0471
1001|1472
1002|2473
1003|3474
1004|4475
1005|5476
1006|6477
1007|7478
1008|8479
1009|9480
100E|E100
100S|S100
100_|_100
1010|0481
1011|1482
1012|2483
1013|3484
1014|4485
1015|5486
1016|6487
1017|7488
1018|8489
1019|9490
101E|E101
101S|S101
101_|_101
1020|0491
1021|1492
1022|2493
1023|3494
1024|4495
1025|5496
1026|6497
1027|7498
1028|8499
1029|9500
102E|E102
102S|S102
102_|_102
1030|0501
1031|1502
1032|2503
1033|3504
1034|4505
1035|5506
1036|6507
1037|7508
1038|8509
1039|9510
103E|E103
103S|S103
103_|_103
1040|0511
1041|1512
1042|2513
1043|3514
1044|4515
1045|5516
1046|6517
1047|7518
1048|8519
1049|9520
104E|E104
104S|S104
104_|_104
1050|0521
1051|1522
1052|2523
1053|3524
1054|4525
1055|5526
1056|6527
1057|7528
1058|8000
1059|9001
105E|E105
105S|S105
105_|_105
1060|0002
1061|1003
1062|2004
1063|3005
1064|4006
1065|5007
1066|6008
1067|7009
1068|8010
1069|9011
106E|E106
106S|S106
106_|_106
1070|0012
1071|1013
1072|2014
1073|3015
1074|4016
1075|5017
1076|6018
1077|7019
1078|8020
1079|9021
107E|E107
107S|S107
107_|_107
1080|0022
1081|1023
1082|2024
1083|3025
1084|4026
1085|5027
1086|6028
1087|7029
1088|8030
1089|9031
108E|E108
108S|S108
108_|_108
1090|0032
1091|1033
1092|2034
1093|3035
1094|4036
1095|5037
1096|6038
1097|7039
1098|8040
1099|9041
109E|E109
109S|S109
109_|_109
1100|0042
1101|1043
1102|2044
1103|3045
1104|4046
1105|5047
1106|6048
1107|7049
1108|8050
1109|9051
110E|E110
110S|S110
110_|_110
1110|0052
1111|1053
1112|2054
1113|3055
1114|4056
1115|5057
1116|6058
1117|7059
1118|8060
1119|9061
111E|E111
111S|S111
111_|_111
1120|0062
1121|1063
1122|2064
1123|3065
1124|4066
1125|5067
1126|6068
1127|7069
1128|8070
1129|9071
112E|E112
112S|S112
112_|_112
1130|0072
1131|1073
1132|2074
1133|3075
1134|4076
1135|5077
1136|6078
1137|7079
1138|8080
1139|9081
113E|E113
113S|S113
113_|_113
1140|0082
1141|1083
1142|2084
1143|3085
1144|4086
1145|5087
1146|6088
1147|7089
1148|8090
1149|9091
114E|E114
114S|S114
114_|_114
1150|0092
1151|1093
1152|2094
1153|3095
1154|4096
1155|5097
1156|6098
1157|7099
1158|8100
1159|9101
115E|E115
115S|S115
115_|_115
1160|0102
1161|1103
1162|2104
1163|3105
1164|4106
1165|5107
1166|6108
1167|7109
1168|8110
1169|9111
116E|E116
116S|S116
116_|_116
1170|0112
1171|1113
1172|2114
1173|3115
1174|4116
1175|5117
1176|6118
1177|7119
1178|8120
1179|9121
117E|E117
117S|S117
117_|_117
1180|0122
1181|1123
1182|2124
1183|3125
1184|4126
1185|5127
1186|6128
1187|7129
1188|8130
1189|9131
118E|E118
118S|S118
118_|_118
1190|0132
1191|1133
1192|2134
1193|3135
1194|4136
1195|5137
1196|6138
1197|7139
1198|8140
1199|9141
119E|E119
119S|S119
119_|_119
1200|0142
1201|1143
1202|2144
1203|3145
1204|4146
1205|5147
1206|6148
1207|7149
1208|8150
1209|9151
120E|E120
120S|S120
120_|_120
1210|0152
1211|1153
1212|2154
1213|3155
1214|4156
1215|5157
1216|6158
1217|7159
1218|8160
1219|9161
121E|E121
121S|S121
121_|_121
1220|0162
1221|1163
1222|2164
1223|3165
1224|4166
1225|5167
1226|6168
1227|7169
1228|8170
1229|9171
122E|E122
122S|S122
122_|_122
1230|0172
1231|1173
1232|2174
1233|3175
1234|4176
1235|5177
1236|6178
1237|7179
1238|8180
1239|9181
123E|E123
123S|S123
123_|_123
1240|0182
1241|1183
1242|2184
1243|3185
1244|4186
1245|5187
1246|6188
1247|7189
1248|8190
1249|9191
124E|E124
124S|S124
124_|_124
1250|0192
1251|1193
1252|2194
1253|3195
1254|4196
1255|5197
1256|6198
1257|7199
1258|8200
1259|9201
125E|E125
125S|S125
125_|_125
1260|0202
1261|1203
1262|2204
1263|3205
1264|4206
1265|5207
1266|6208
1267|7209
1268|8210
1269|9211
126E|E126
126S|S126
126_|_126
1270|0212
1271|1213
1272|2214
1273|3215
1274|4216
1275|5217
1276|6218
1277|7219
1278|8220
1279|9221
127E|E127
127S|S127
127_|_127
1280|0222
1281|1223
1282|2224
1283|3225
1284|4226
1285|5227
1286|6228
1287|7229
1288|8230
1289|9231
128E|E128
128S|S128
128_|_128
1290|0232
1291|1233
1292|2234
1293|3235
1294|4236
1295|5237
1296|6238
1297|7239
1298|8240
1299|9241
129E|E129
129S|S129
129_|_129
1300|0242
1301|1243
1302|2244
1303|3245
1304|4246
1305|5247
1306|6248
1307|7249
1308|8250
1309|9251
130E|E130
130S|S130
130_|_130
1310|0252
1311|1253
1312|2254
1313|3255
1314|4256
1315|5257
1316|6258
1317|7259
1318|8260
1319|9261
131E|E131
131S|S131
131_|_131
1320|0262
1321|1263
1322|2264
1323|3265
1324|4266
1325|5267
1326|6268
1327|7269
1328|8270
1329|9271
132E|E132
132S|S132
132_|_132
1330|0272
1331|1273
1332|2274
1333|3275
1334|4276
1335|5277
1336|6278
1337|7279
1338|8280
1339|9281
133E|E133
133S|S133
133_|_133
1340|0282
1341|1283
1342|2284
1343|3285
1344|4286
1345|5287
1346|6288
1347|7289
1348|8290
1349|9291
134E|E134
134S|S134
134_|_134
1350|0292
1351|1293
1352|2294
1353|3295
1354|4296
1355|5297
1356|6298
1357|7299
1358|8300
1359|9301
135E|E135
135S|S135
135_|_135
1360|0302
1361|1303
1362|2304
1363|3305
1364|4306
1365|5307
1366|6308
1367|7309
1368|8310
1369|9311
136E|E136
136S|S136
136_|_136
1370|0312
1371|1313
1372|2314
1373|3315
1374|4316
1375|5317
1376|6318
1377|7319
1378|8320
1379|9321
137E|E137
137S|S137
137_|_137
1380|0322
1381|1323
1382|2324
1383|3325
1384|4326
1385|5327
1386|6328
1387|7329
1388|8330
1389|9331
138E|E138
138S|S138
138_|_138
1390|0332
1391|1333
1392|2334
1393|3335
1394|4336
1395|5337
1396|6338
1397|7339
1398|8340
1399|9341
139E|E139
139S|S139
139_|_139
1400|0342
1401|1343
1402|2344
1403|3345
1404|4346
1405|5347
1406|6348
1407|7349
1408|8350
1409|9351
140E|E140
140S|S140
140_|_140
1410|0352
1411|1353
1412|2354
1413|3355
1414|4356
1415|5357
1416|6358
1417|7359
1418|8360
1419|9361
141E|E141
141S|S141
141_|_141
1420|0362
1421|1363
1422|2364
1423|3365
1424|4366
1425|5367
1426|6368
1427|7369
1428|8370
1429|9371
142E|E142
142S|S142
142_|_142
1430|0372
1431|1373
1432|2374
1433|3375
1434|4376
1435|5377
1436|6378
1437|7379
1438|8380
1439|9381
143E|E143
143S|S143
143_|_143
1440|0382
1441|1383
1442|2384
1443|3385
1444|4386
1445|5387
1446|6388
1447|7389
1448|8390
1449|9391
144E|E144
144S|S144
144_|_144
1450|0392
1451|1393
1452|2394
1453|3395
1454|4396
1455|5397
1456|6398
1457|7399
1458|8400
1459|9401
145E|E145
145S|S145
145_|_145
1460|0402
1461|1403
1462|2404
1463|3405
1464|4406
1465|5407
1466|6408
1467|7409
1468|8410
1469|9411
146E|E146
146S|S146
146_|_146
1470|0412
1471|1413
1472|2414
1473|3415
1474|4416
1475|5417
1476|6418
1477|7419
1478|8420
1479|9421
147E|E147
147S|S147
147_|_147
1480|0422
1481|1423
1482|2424
1483|3425
1484|4426
1485|5427
1486|6428
1487|7429
1488|8430
1489|9431
148E|E148
148S|S148
148_|_148
1490|0432
1491|1433
1492|2434
1493|3435
1494|4436
1495|5437
1496|6438
1497|7439
1498|8440
1499|9441
149E|E149
149S|S149
149_|_149
1500|0442
1501|1443
1502|2444
1503|3445
1504|4446
1505|5447
1506|6448
1507|7449
1508|8450
1509|9451
150E|E150
150S|S150
150_|_150
1510|0452
1511|1453
1512|2454
1513|3455
1514|4456
1515|5457
1516|6458
1517|7459
1518|8460
1519|9461
151E|E151
151S|S151
151_|_151
1520|0462
1521|1463
1522|2464
1523|3465
1524|4466
1525|5467
1526|6468
1527|7469
1528|8470
1529|9471
152E|E152
152S|S152
152_|_152
1530|0472
1531|1473
1532|2474
1533|3475
1534|4476
1535|5477
1536|6478
1537|7479
1538|8480
1539|9481
153E|E153
153S|S153
153_|_153
1540|0482
1541|1483
1542|2484
1543|3485
1544|4486
1545|5487
1546|6488
1547|7489
1548|8490
1549|9491
154E|E154
154S|S154
154_|_154
1550|0492
1551|1493
1552|2494
1553|3495
1554|4496
1555|5497
1556|6498
1557|7499
1558|8500
1559|9501
155E|E155
155S|S155
155_|_155
1560|0502
1561|1503
1562|2504
1563|3505
1564|4506
1565|5507
1566|6508
1567|7509
1568|8510
1569|9511
156E|E156
156S|S156
156_|_156
1570|0512
1571|1513
1572|2514
1573|3515
1574|4516
1575|5517
1576|6518
1577|7519
1578|8520
1579|9521
157E|E157
157S|S157
157_|_157
1580|0522
1581|1523
1582|2524
1583|3525
1584|4526
1585|5527
1586|6528
1587|7000
1588|8001
1589|9002
158E|E158
158S|S158
158_|_158
1590|0003
1591|1004
1592|2005
1593|3006
1594|4007
1595|5008
1596|6009
1597|7010
1598|8011
1599|9012
159E|E159
159S|S159
159_|_159
1600|0013
1601|1014
1602|2015
1603|3016
1604|4017
1605|5018
1606|6019
1607|7020
1608|8021
1609|9022
160E|E160
160S|S160
160_|_160
1610|0023
1611|1024
1612|2025
1613|3026
1614|4027
1615|5028
1616|6029
1617|7030
1618|8031
1619|9032
161E|E161
161S|S161
161_|_161
1620|0033
1621|1034
1622|2035
1623|3036
1624|4037
1625|5038
1626|6039
1627|7040
1628|8041
1629|9042
162E|E162
162S|S162
162_|_162
1630|0043
1631|1044
1632|2045
1633|3046
1634|4047
1635|5048
1636|6049
1637|7050
1638|8051
1639|9052
163E|E163
163S|S163
163_|_163
1640|0053
1641|1054
1642|2055
1643|3056
1644|4057
1645|5058
1646|6059
1647|7060
1648|8061
1649|9062
164E|E164
164S|S164
164_|_164
1650|0063
1651|1064
1652|2065
1653|3066
1654|4067
1655|5068
1656|6069
1657|7070
1658|8071
1659|9072
165E|E165
165S|S165
165_|_165
1660|0073
1661|1074
1662|2075
1663|3076
1664|4077
1665|5078
1666|6079
1667|7080
1668|8081
1669|9082
166E|E166
166S|S166
166_|_166
1670|0083
1671|1084
1672|2085
1673|3086
1674|4087
1675|5088
1676|6089
1677|7090
1678|8091
1679|9092
167E|E167
167S|S167
167_|_167
1680|0093
1681|1094
1682|2095
1683|3096
1684|4097
1685|5098
1686|6099
1687|7100
1688|8101
1689|9102
168E|E168
168S|S168
168_|_168
1690|0103
1691|1104
1692|2105
1693|3106
1694|4107
1695|5108
1696|6109
1697|7110
1698|8111
1699|9112
169E|E169
169S|S169
169_|_169
1700|0113
1701|1114
1702|2115
1703|3116
1704|4117
1705|5118
1706|6119
1707|7120
1708|8121
1709|9122
170E|E170
170S|S170
170_|_170
1710|0123
1711|1124
1712|2125
1713|3126
1714|4127
1715|5128
1716|6129
1717|7130
1718|8131
1719|9132
171E|E171
171S|S171
171_|_171
1720|0133
1721|1134
1722|2135
1723|3136
1724|4137
1725|5138
1726|6139
1727|7140
1728|8141
1729|9142
172E|E172
172S|S172
172_|_172
1730|0143
1731|1144
1732|2145
1733|3146
1734|4147
1735|5148
1736|6149
1737|7150
1738|8151
1739|9152
173E|E173
173S|S173
173_|_173
1740|0153
1741|1154
1742|2155
1743|3156
1744|4157
1745|5158
1746|6159
1747|7160
1748|8161
1749|9162
174E|E174
174S|S174
174_|_174
1750|0163
1751|1164
1752|2165
1753|3166
1754|4167
1755|5168
1756|6169
1757|7170
1758|8171
1759|9172
175E|E175
175S|S175
175_|_175
1760|0173
1761|1174
1762|2175
1763|3176
1764|4177
1765|5178
1766|6179
1767|7180
1768|8181
1769|9182
176E|E176
176S|S176
176_|_176
1770|0183
1771|1184
1772|2185
1773|3186
1774|4187
1775|5188
1776|6189
1777|7190
1778|8191
1779|9192
177E|E177
177S|S177
177_|_177
1780|0193
1781|1194
1782|2195
1783|3196
1784|4197
1785|5198
1786|6199
1787|7200
1788|8201
1789|9202
178E|E178
178S|S178
178_|_178
1790|0203
1791|1204
1792|2205
1793|3206
1794|4207
1795|5208
1796|6209
1797|7210
1798|8211
1799|9212
179E|E179
179S|S179
179_|_179
1800|0213
1801|1214
1802|2215
1803|3216
1804|4217
1805|5218
1806|6219
1807|7220
1808|8221
1809|9222
180E|E180
180S|S180
180_|_180
1810|0223
1811|1224
1812|2225
1813|3226
1814|4227
1815|5228
1816|6229
1817|7230
1818|8231
1819|9232
181E|E181
181S|S181
181_|_181
1820|0233
1821|1234
1822|2235
1823|3236
1824|4237
1825|5238
1826|6239
1827|7240
1828|8241
1829|9242
182E|E182
182S|S182
182_|_182
1830|0243
1831|1244
1832|2245
1833|3246
1834|4247
1835|5248
1836|6249
1837|7250
1838|8251
1839|9252
183E|E183
183S|S183
183_|_183
1840|0253
1841|1254
1842|2255
1843|3256
1844|4257
1845|5258
1846|6259
1847|7260
1848|8261
1849|9262
184E|E184
184S|S184
184_|_184
1850|0263
1851|1264
1852|2265
1853|3266
1854|4267
1855|5268
1856|6269
1857|7270
1858|8271
1859|9272
185E|E185
185S|S185
185_|_185
1860|0273
1861|1274
1862|2275
1863|3276
1864|4277
1865|5278
1866|6279
1867|7280
1868|8281
1869|9282
186E|E186
186S|S186
186_|_186
1870|0283
1871|1284
1872|2285
1873|3286
1874|4287
1875|5288
1876|6289
1877|7290
1878|8291
1879|9292
187E|E187
187S|S187
187_|_187
1880|0293
1881|1294
1882|2295
1883|3296
1884|4297
1885|5298
1886|6299
1887|7300
1888|8301
1889|9302
188E|E188
188S|S188
188_|_188
1890|0303
1891|1304
1892|2305
1893|3306
1894|4307
1895|5308
1896|6309
1897|7310
1898|8311
1899|9312
189E|E189
189S|S189
189_|_189
1900|0313
1901|1314
1902|2315
1903|3316
1904|4317
1905|5318
1906|6319
1907|7320
1908|8321
1909|9322
190E|E190
190S|S190
190_|_190
1910|0323
1911|1324
1912|2325
1913|3326
1914|4327
1915|5328
1916|6329
1917|7330
1918|8331
1919|9332
191E|E191
191S|S191
191_|_191
1920|0333
1921|1334
1922|2335
1923|3336
1924|4337
1925|5338
1926|6339
1927|7340
1928|8341
1929|9342
192E|E192
192S|S192
192_|_192
1930|0343
1931|1344
1932|2345
1933|3346
1934|4347
1935|5348
1936|6349
1937|7350
1938|8351
1939|9352
193E|E193
193S|S193
193_|_193
1940|0353
1941|1354
1942|2355
1943|3356
1944|4357
1945|5358
1946|6359
1947|7360
1948|8361
1949|9362
194E|E194
194S|S194
194_|_194
1950|0363
1951|1364
1952|2365
1953|3366
1954|4367
1955|5368
1956|6369
1957|7370
1958|8371
1959|9372
195E|E195
195S|S195
195_|_195
1960|0373
1961|1374
1962|2375
1963|3376
1964|4377
1965|5378
1966|6379
1967|7380
1968|8381
1969|9382
196E|E196
196S|S196
196_|_196
1970|0383
1971|1384
1972|2385
1973|3386
1974|4387
1975|5388
1976|6389
1977|7390
1978|8391
1979|9392
197E|E197
197S|S197
197_|_197
1980|0393
1981|1394
1982|2395
1983|3396
1984|4397
1985|5398
1986|6399
1987|7400
1988|8401
1989|9402
198E|E198
198S|S198
198_|_198
1990|0403
1991|1404
1992|2405
1993|3406
1994|4407
1995|5408
1996|6409
1997|7410
1998|8411
1999|9412
199E|E199
199S|S199
199_|_199
2000|0413
2001|1414
2002|2415
2003|3416
2004|4417
2005|5418
2006|6419
2007|7420
2008|8421
2009|9422
200E|E200
200S|S200
200_|_200
2010|0423
2011|1424
2012|2425
2013|3426
2014|4427
2015|5428
2016|6429
2017|7430
2018|8431
2019|9432
201E|E201
201S|S201
201_|_201
2020|0433
2021|1434
2022|2435
2023|3436
2024|4437
2025|5438
2026|6439
2027|7440
2028|8441
2029|9442
202E|E202
202S|S202
202_|_202
2030|0443
2031|1444
2032|2445
2033|3446
2034|4447
2035|5448
2036|6449
2037|7450
2038|8451
2039|9452
203E|E203
203S|S203
203_|_203
2040|0453
2041|1454
2042|2455
2043|3456
2044|4457
2045|5458
2046|6459
2047|7460
2048|8461
2049|9462
204E|E204
204S|S204
204_|_204
2050|0463
2051|1464
2052|2465
2053|3466
2054|4467
2055|5468
2056|6469
2057|7470
2058|8471
2059|9472
205E|E205
205S|S205
205_|_205
2060|0473
2061|1474
2062|2475
2063|3476
2064|4477
2065|5478
2066|6479
2067|7480
2068|8481
2069|9482
206E|E206
206S|S206
206_|_206
2070|0483
2071|1484
2072|2485
2073|3486
2074|4487
2075|5488
2076|6489
2077|7490
2078|8491
2079|9492
207E|E207
207S|S207
207_|_207
2080|0493
2081|1494
2082|2495
2083|3496
2084|4497
2085|5498
2086|6499
2087|7500
2088|8501
2089|9502
208E|E208
208S|S208
208_|_208
2090|0503
2091|1504
2092|2505
2093|3506
2094|4507
2095|5508
2096|6509
2097|7510
2098|8511
2099|9512
209E|E209
209S|S209
209_|_209
2100|0513
2101|1514
2102|2515
2103|3516
2104|4517
2105|5518
2106|6519
2107|7520
2108|8521
2109|9522
210E|E210
210S|S210
210_|_210
2110|0523
2111|1524
2112|2525
2113|3526
2114|4527
2115|5528
2116|6000
2117|7001
2118|8002
2119|9003
211E|E211
211S|S211
211_|_211
2120|0004
2121|1005
2122|2006
2123|3007
2124|4008
2125|5009
2126|6010
2127|7011
2128|8012
2129|9013
212E|E212
212S|S212
212_|_212
2130|0014
2131|1015
2132|2016
2133|3017
2134|4018
2135|5019
2136|6020
2137|7021
2138|8022
2139|9023
213E|E213
213S|S213
213_|_213
2140|0024
2141|1025
2142|2026
2143|3027
2144|4028
2145|5029
2146|6030
2147|7031
2148|8032
2149|9033
214E|E214
214S|S214
214_|_214
2150|0034
2151|1035
2152|2036
2153|3037
2154|4038
2155|5039
2156|6040
2157|7041
2158|8042
2159|9043
215E|E215
215S|S215
215_|_215
2160|0044
2161|1045
2162|2046
2163|3047
2164|4048
2165|5049
2166|6050
2167|7051
2168|8052
2169|9053
216E|E216
216S|S216
216_|_216
2170|0054
2171|1055
2172|2056
2173|3057
2174|4058
2175|5059
2176|6060
2177|7061
2178|8062
2179|9063
217E|E217
217S|S217
217_|_217
2180|0064
2181|1065
2182|2066
2183|3067
2184|4068
2185|5069
2186|6070
2187|7071
2188|8072
2189|9073
218E|E218
218S|S218
218_|_218
2190|0074
2191|1075
2192|2076
2193|3077
2194|4078
2195|5079
2196|6080
2197|7081
2198|8082
2199|9083
219E|E219
219S|S219
219_|_219
2200|0084
2201|1085
2202|2086
2203|3087
2204|4088
2205|5089
2206|6090
2207|7091
2208|8092
2209|9093
220E|E220
220S|S220
220_|_220
2210|0094
2211|1095
2212|2096
2213|3097
2214|4098
2215|5099
2216|6100
2217|7101
2218|8102
2219|9103
221E|E221
221S|S221
221_|_221
2220|0104
2221|1105
2222|2106
2223|3107
2224|4108
2225|5109
2226|6110
2227|7111
2228|8112
2229|9113
222E|E222
222S|S222
222_|_222
2230|0114
2231|1115
2232|2116
2233|3117
2234|4118
2235|5119
2236|6120
2237|7121
2238|8122
2239|9123
223E|E223
223S|S223
223_|_223
2240|0124
2241|1125
2242|2126
2243|3127
2244|4128
2245|5129
2246|6130
2247|7131
2248|8132
2249|9133
224E|E224
224S|S224
224_|_224
2250|0134
2251|1135
2252|2136
2253|3137
2254|4138
2255|5139
2256|6140
2257|7141
2258|8142
2259|9143
225E|E225
225S|S225
225_|_225
2260|0144
2261|1145
2262|2146
2263|3147
2264|4148
2265|5149
2266|6150
2267|7151
2268|8152
2269|9153
226E|E226
226S|S226
226_|_226
2270|0154
2271|1155
2272|2156
2273|3157
2274|4158
2275|5159
2276|6160
2277|7161
2278|8162
2279|9163
227E|E227
227S|S227
227_|_227
2280|0164
2281|1165
2282|2166
2283|3167
2284|4168
2285|5169
2286|6170
2287|7171
2288|8172
2289|9173
228E|E228
228S|S228
228_|_228
2290|0174
2291|1175
2292|2176
2293|3177
2294|4178
2295|5179
2296|6180
2297|7181
2298|8182
2299|9183
229E|E229
229S|S229
229_|_229
2300|0184
2301|1185
2302|2186
2303|3187
2304|4188
2305|5189
2306|6190
2307|7191
2308|8192
2309|9193
230E|E230
230S|S230
230_|_230
2310|0194
2311|1195
2312|2196
2313|3197
2314|4198
2315|5199
2316|6200
2317|7201
2318|8202
2319|9203
231E|E231
231S|S231
231_|_231
2320|0204
2321|1205
2322|2206
2323|3207
2324|4208
2325|5209
2326|6210
2327|7211
2328|8212
2329|9213
232E|E232
232S|S232
232_|_232
2330|0214
2331|1215
2332|2216
2333|3217
2334|4218
2335|5219
2336|6220
2337|7221
2338|8222
2339|9223
233E|E233
233S|S233
233_|_233
2340|0224
2341|1225
2342|2226
2343|3227
2344|4228
2345|5229
2346|6230
2347|7231
2348|8232
2349|9233
234E|E234
234S|S234
234_|_234
2350|0234
2351|1235
2352|2236
2353|3237
2354|4238
2355|5239
2356|6240
2357|7241
2358|8242
2359|9243
235E|E235
235S|S235
235_|_235
2360|0244
2361|1245
2362|2246
2363|3247
2364|4248
2365|5249
2366|6250
2367|7251
2368|8252
2369|9253
236E|E236
236S|S236
236_|_236
2370|0254
2371|1255
2372|2256
2373|3257
2374|4258
2375|5259
2376|6260
2377|7261
2378|8262
2379|9263
237E|E237
237S|S237
237_|_237
2380|0264
2381|1265
2382|2266
2383|3267
2384|4268
2385|5269
2386|6270
2387|7271
2388|8272
2389|9273
238E|E238
238S|S238
238_|_238
2390|0274
2391|1275
2392|2276
2393|3277
2394|4278
2395|5279
2396|6280
2397|7281
2398|8282
2399|9283
239E|E239
239S|S239
239_|_239
2400|0284
2401|1285
2402|2286
2403|3287
2404|4288
2405|5289
2406|6290
2407|7291
2408|8292
2409|9293
240E|E240
240S|S240
240_|_240
2410|0294
2411|1295
2412|2296
2413|3297
2414|4298
2415|5299
2416|6300
2417|7301
2418|8302
2419|9303
241E|E241
241S|S241
241_|_241
2420|0304
2421|1305
2422|2306
2423|3307
2424|4308
2425|5309
2426|6310
2427|7311
2428|8312
2429|9313
242E|E242
242S|S242
242_|_242
2430|0314
2431|1315
2432|2316
2433|3317
2434|4318
2435|5319
2436|6320
2437|7321
2438|8322
2439|9323
243E|E243
243S|S243
243_|_243
2440|0324
2441|1325
2442|2326
2443|3327
2444|4328
2445|5329
2446|6330
2447|7331
2448|8332
2449|9333
244E|E244
244S|S244
244_|_244
2450|0334
2451|1335
2452|2336
2453|3337
2454|4338
2455|5339
2456|6340
2457|7341
2458|8342
2459|9343
245E|E245
245S|S245
245_|_245
2460|0344
2461|1345
2462|2346
2463|3347
2464|4348
2465|5349
2466|6350
2467|7351
2468|8352
2469|9353
246E|E246
246S|S246
246_|_246
2470|0354
2471|1355
2472|2356
2473|3357
2474|4358
2475|5359
2476|6360
2477|7361
2478|8362
2479|9363
247E|E247
247S|S247
247_|_247
2480|0364
2481|1365
2482|2366
2483|3367
2484|4368
2485|5369
2486|6370
2487|7371
2488|8372
2489|9373
248E|E248
248S|S248
248_|_248
2490|0374
2491|1375
2492|2376
2493|3377
2494|4378
2495|5379
2496|6380
2497|7381
2498|8382
2499|9383
249E|E249
249S|S249
249_|_249
2500|0384
2501|1385
2502|2386
2503|3387
2504|4388
2505|5389
2506|6390
2507|7391
2508|8392
2509|9393
250E|E250
250S|S250
250_|_250
2510|0394
2511|1395
2512|2396
2513|3397
2514|4398
2515|5399
2516|6400
2517|7401
2518|8402
2519|9403
251E|E251
251S|S251
251_|_251
2520|0404
2521|1405
2522|2406
2523|3407
2524|4408
2525|5409
2526|6410
2527|7411
2528|8412
2529|9413
252E|E252
252S|S252
252_|_252
2530|0414
2531|1415
2532|2416
2533|3417
2534|4418
2535|5419
2536|6420
2537|7421
2538|8422
2539|9423
253E|E253
253S|S253
253_|_253
2540|0424
2541|1425
2542|2426
2543|3427
2544|4428
2545|5429
2546|6430
2547|7431
2548|8432
2549|9433
254E|E254
254S|S254
254_|_254
2550|0434
2551|1435
2552|2436
2553|3437
2554|4438
2555|5439
2556|6440
2557|7441
2558|8442
2559|9443
255E|E255
255S|S255
255_|_255
2560|0444
2561|1445
2562|2446
2563|3447
2564|4448
2565|5449
2566|6450
2567|7451
2568|8452
2569|9453
256E|E256
256S|S256
256_|_256
2570|0454
2571|1455
2572|2456
2573|3457
2574|4458
2575|5459
2576|6460
2577|7461
2578|8462
2579|9463
257E|E257
257S|S257
257_|_257
2580|0464
2581|1465
2582|2466
2583|3467
2584|4468
2585|5469
2586|6470
2587|7471
2588|8472
2589|9473
258E|E258
258S|S258
258_|_258
2590|0474
2591|1475
2592|2476
2593|3477
2594|4478
2595|5479
2596|6480
2597|7481
2598|8482
2599|9483
259E|E259
259S|S259
259_|_259
2600|0484
2601|1485
2602|2486
2603|3487
2604|4488
2605|5489
2606|6490
2607|7491
2608|8492
2609|9493
260E|E260
260S|S260
260_|_260
2610|0494
2611|1495
2612|2496
2613|3497
2614|4498
2615|5499
2616|6500
2617|7501
2618|8502
2619|9503
261E|E261
261S|S261
261_|_261
2620|0504
2621|1505
2622|2506
2623|3507
2624|4508
2625|5509
2626|6510
2627|7511
2628|8512
2629|9513
262E|E262
262S|S262
262_|_262
2630|0514
2631|1515
2632|2516
2633|3517
2634|4518
2635|5519
2636|6520
2637|7521
2638|8522
2639|9523
263E|E263
263S|S263
263_|_263
2640|0524
2641|1525
2642|2526
2643|3527
2644|4528
2645|5000
2646|6001
2647|7002
2648|8003
2649|9004
264E|E264
264S|S264
264_|_264
2650|0005
2651|1006
2652|2007
2653|3008
2654|4009
2655|5010
2656|6011
2657|7012
2658|8013
2659|9014
265E|E265
265S|S265
265_|_265
2660|0015
2661|1016
2662|2017
2663|3018
2664|4019
2665|5020
2666|6021
2667|7022
2668|8023
2669|9024
266E|E266
266S|S266
266_|_266
2670|0025
2671|1026
2672|2027
2673|3028
2674|4029
2675|5030
2676|6031
2677|7032
2678|8033
2679|9034
267E|E267
267S|S267
267_|_267
2680|0035
2681|1036
2682|2037
2683|3038
2684|4039
2685|5040
2686|6041
2687|7042
2688|8043
2689|9044
268E|E268
268S|S268
268_|_268
2690|0045
2691|1046
2692|2047
2693|3048
2694|4049
2695|5050
2696|6051
2697|7052
2698|8053
2699|9054
269E|E269
269S|S269
269_|_269
2700|0055
2701|1056
2702|2057
2703|3058
2704|4059
2705|5060
2706|6061
2707|7062
2708|8063
2709|9064
270E|E270
270S|S270
270_|_270
2710|0065
2711|1066
2712|2067
2713|3068
2714|4069
2715|5070
2716|6071
2717|7072
2718|8073
2719|9074
271E|E271
271S|S271
271_|_271
2720|0075
2721|1076
2722|2077
2723|3078
2724|4079
2725|5080
2726|6081
2727|7082
2728|8083
2729|9084
272E|E272
272S|S272
272_|_272
2730|0085
2731|1086
2732|2087
2733|3088
2734|4089
2735|5090
2736|6091
2737|7092
2738|8093
2739|9094
273E|E273
273S|S273
273_|_273
2740|0095
2741|1096
2742|2097
2743|3098
2744|4099
2745|5100
2746|6101
2747|7102
2748|8103
2749|9104
274E|E274
274S|S274
274_|_274
2750|0105
2751|1106
2752|2107
2753|3108
2754|4109
2755|5110
2756|6111
2757|7112
2758|8113
2759|9114
275E|E275
275S|S275
275_|_275
2760|0115
2761|1116
2762|2117
2763|3118
2764|4119
2765|5120
2766|6121
2767|7122
2768|8123
2769|9124
276E|E276
276S|S276
276_|_276
2770|0125
2771|1126
2772|2127
2773|3128
2774|4129
2775|5130
2776|6131
2777|7132
2778|8133
2779|9134
277E|E277
277S|S277
277_|_277
2780|0135
2781|1136
2782|2137
2783|3138
2784|4139
2785|5140
2786|6141
2787|7142
2788|8143
2789|9144
278E|E278
278S|S278
278_|_278
2790|0145
2791|1146
2792|2147
2793|3148
2794|4149
2795|5150
2796|6151
2797|7152
2798|8153
2799|9154
279E|E279
279S|S279
279_|_279
2800|0155
2801|1156
2802|2157
2803|3158
2804|4159
2805|5160
2806|6161
2807|7162
2808|8163
2809|9164
280E|E280
280S|S280
280_|_280
2810|0165
2811|1166
2812|2167
2813|3168
2814|4169
2815|5170
2816|6171
2817|7172
2818|8173
2819|9174
281E|E281
281S|S281
281_|_281
2820|0175
2821|1176
2822|2177
2823|3178
2824|4179
2825|5180
2826|6181
2827|7182
2828|8183
2829|9184
282E|E282
282S|S282
282_|_282
2830|0185
2831|1186
2832|2187
2833|3188
2834|4189
2835|5190
2836|6191
2837|7192
2838|8193
2839|9194
283E|E283
283S|S283
283_|_283
2840|0195
2841|1196
2842|2197
2843|3198
2844|4199
2845|5200
2846|6201
2847|7202
2848|8203
2849|9204
284E|E284
284S|S284
284_|_284
2850|0205
2851|1206
2852|2207
2853|3208
2854|4209
2855|5210
2856|6211
2857|7212
2858|8213
2859|9214
285E|E285
285S|S285
285_|_285
2860|0215
2861|1216
2862|2217
2863|3218
2864|4219
2865|5220
2866|6221
2867|7222
2868|8223
2869|9224
286E|E286
286S|S286
286_|_286
2870|0225
2871|1226
2872|2227
2873|3228
2874|4229
2875|5230
2876|6231
2877|7232
2878|8233
2879|9234
287E|E287
287S|S287
287_|_287
2880|0235
2881|1236
2882|2237
2883|3238
2884|4239
2885|5240
2886|6241
2887|7242
2888|8243
2889|9244
288E|E288
288S|S288
288_|_288
2890|0245
2891|1246
2892|2247
2893|3248
2894|4249
2895|5250
2896|6251
2897|7252
2898|8253
2899|9254
289E|E289
289S|S289
289_|_289
2900|0255
2901|1256
2902|2257
2903|3258
2904|4259
2905|5260
2906|6261
2907|7262
2908|8263
2909|9264
290E|E290
290S|S290
290_|_290
2910|0265
2911|1266
2912|2267
2913|3268
2914|4269
2915|5270
2916|6271
2917|7272
2918|8273
2919|9274
291E|E291
291S|S291
291_|_291
2920|0275
2921|1276
2922|2277
2923|3278
2924|4279
2925|5280
2926|6281
2927|7282
2928|8283
2929|9284
292E|E292
292S|S292
292_|_292
2930|0285
2931|1286
2932|2287
2933|3288
2934|4289
2935|5290
2936|6291
2937|7292
2938|8293
2939|9294
293E|E293
293S|S293
293_|_293
2940|0295
2941|1296
2942|2297
2943|3298
2944|4299
2945|5300
2946|6301
2947|7302
2948|8303
2949|9304
294E|E294
294S|S294
294_|_294
2950|0305
2951|1306
2952|2307
2953|3308
2954|4309
2955|5310
2956|6311
2957|7312
2958|8313
2959|9314
295E|E295
295S|S295
295_|_295
2960|0315
2961|1316
2962|2317
2963|3318
2964|4319
2965|5320
2966|6321
2967|7322
2968|8323
2969|9324
296E|E296
296S|S296
296_|_296
2970|0325
2971|1326
2972|2327
2973|3328
2974|4329
2975|5330
2976|6331
2977|7332
2978|8333
2979|9334
297E|E297
297S|S297
297_|_297
2980|0335
2981|1336
2982|2337
2983|3338
2984|4339
2985|5340
2986|6341
2987|7342
2988|8343
2989|9344
298E|E298
298S|S298
298_|_298
2990|0345
2991|1346
2992|2347
2993|3348
2994|4349
2995|5350
2996|6351
2997|7352
2998|8353
2999|9354
299E|E299
299S|S299
299_|_299
3000|0355
3001|1356
3002|2357
3003|3358
3004|4359
3005|5360
3006|6361
3007|7362
3008|8363
3009|9364
300E|E300
300S|S300
300_|_300
3010|0365
3011|1366
3012|2367
3013|3368
3014|4369
3015|5370
3016|6371
3017|7372
3018|8373
3019|9374
301E|E301
301S|S301
301_|_301
3020|0375
3021|1376
3022|2377
3023|3378
3024|4379
3025|5380
3026|6381
3027|7382
3028|8383
3029|9384
302E|E302
302S|S302
302_|_302
3030|0385
3031|1386
3032|2387
3033|3388
3034|4389
3035|5390
3036|6391
3037|7392
3038|8393
3039|9394
303E|E303
303S|S303
303_|_303
3040|0395
3041|1396
3042|2397
3043|3398
3044|4399
3045|5400
3046|6401
3047|7402
3048|8403
3049|9404
304E|E304
304S|S304
304_|_304
3050|0405
3051|1406
3052|2407
3053|3408
3054|4409
3055|5410
3056|6411
3057|7412
3058|8413
3059|9414
305E|E305
305S|S305
305_|_305
3060|0415
3061|1416
3062|2417
3063|3418
3064|4419
3065|5420
3066|6421
3067|7422
3068|8423
3069|9424
306E|E306
306S|S306
306_|_306
3070|0425
3071|1426
3072|2427
3073|3428
3074|4429
3075|5430
3076|6431
3077|7432
3078|8433
3079|9434
307E|E307
307S|S307
307_|_307
3080|0435
3081|1436
3082|2437
3083|3438
3084|4439
3085|5440
3086|6441
3087|7442
3088|8443
3089|9444
308E|E308
308S|S308
308_|_308
3090|0445
3091|1446
3092|2447
3093|3448
3094|4449
3095|5450
3096|6451
3097|7452
3098|8453
3099|9454
309E|E309
309S|S309
309_|_309
3100|0455
3101|1456
3102|2457
3103|3458
3104|4459
3105|5460
3106|6461
3107|7462
3108|8463
3109|9464
310E|E310
310S|S310
310_|_310
3110|0465
3111|1466
3112|2467
3113|3468
3114|4469
3115|5470
3116|6471
3117|7472
3118|8473
3119|9474
311E|E311
311S|S311
311_|_311
3120|0475
3121|1476
3122|2477
3123|3478
3124|4479
3125|5480
3126|6481
3127|7482
3128|8483
3129|9484
312E|E312
312S|S312
312_|_312
3130|0485
3131|1486
3132|2487
3133|3488
3134|4489
3135|5490
3136|6491
3137|7492
3138|8493
3139|9494
313E|E313
313S|S313
313_|_313
3140|0495
3141|1496
3142|2497
3143|3498
3144|4499
3145|5500
3146|6501
3147|7502
3148|8503
3149|9504
314E|E314
314S|S314
314_|_314
3150|0505
3151|1506
3152|2507
3153|3508
3154|4509
3155|5510
3156|6511
3157|7512
3158|8513
3159|9514
315E|E315
315S|S315
315_|_315
3160|0515
3161|1516
3162|2517
3163|3518
3164|4519
3165|5520
3166|6521
3167|7522
3168|8523
3169|9524
316E|E316
316S|S316
316_|_316
3170|0525
3171|1526
3172|2527
3173|3528
3174|4000
3175|5001
3176|6002
3177|7003
3178|8004
3179|9005
317E|E317
317S|S317
317_|_317
3180|0006
3181|1007
3182|2008
3183|3009
3184|4010
3185|5011
3186|6012
3187|7013
3188|8014
3189|9015
318E|E318
318S|S318
318_|_318
3190|0016
3191|1017
3192|2018
3193|3019
3194|4020
3195|5021
3196|6022
3197|7023
3198|8024
3199|9025
319E|E319
319S|S319
319_|_319
3200|0026
3201|1027
3202|2028
3203|3029
3204|4030
3205|5031
3206|6032
3207|7033
3208|8034
3209|9035
320E|E320
320S|S320
320_|_320
3210|0036
3211|1037
3212|2038
3213|3039
3214|4040
3215|5041
3216|6042
3217|7043
3218|8044
3219|9045
321E|E321
321S|S321
321_|_321
3220|0046
3221|1047
3222|2048
3223|3049
3224|4050
3225|5051
3226|6052
3227|7053
3228|8054
3229|9055
322E|E322
322S|S322
322_|_322
3230|0056
3231|1057
3232|2058
3233|3059
3234|4060
3235|5061
3236|6062
3237|7063
3238|8064
3239|9065
323E|E323
323S|S323
323_|_323
3240|0066
3241|1067
3242|2068
3243|3069
3244|4070
3245|5071
3246|6072
3247|7073
3248|8074
3249|9075
324E|E324
324S|S324
324_|_324
3250|0076
3251|1077
3252|2078
3253|3079
3254|4080
3255|5081
3256|6082
3257|7083
3258|8084
3259|9085
325E|E325
325S|S325
325_|_325
3260|0086
3261|1087
3262|2088
3263|3089
3264|4090
3265|5091
3266|6092
3267|7093
3268|8094
3269|9095
326E|E326
326S|S326
326_|_326
3270|0096
3271|1097
3272|2098
3273|3099
3274|4100
3275|5101
3276|6102
3277|7103
3278|8104
3279|9105
327E|E327
327S|S327
327_|_327
3280|0106
3281|1107
3282|2108
3283|3109
3284|4110
3285|5111
3286|6112
3287|7113
3288|8114
3289|9115
328E|E328
328S|S328
328_|_328
3290|0116
3291|1117
3292|2118
3293|3119
3294|4120
3295|5121
3296|6122
3297|7123
3298|8124
3299|9125
329E|E329
329S|S329
329_|_329
3300|0126
3301|1127
3302|2128
3303|3129
3304|4130
3305|5131
3306|6132
3307|7133
3308|8134
3309|9135
330E|E330
330S|S330
330_|_330
3310|0136
3311|1137
3312|2138
3313|3139
3314|4140
3315|5141
3316|6142
3317|7143
3318|8144
3319|9145
331E|E331
331S|S331
331_|_331
3320|0146
3321|1147
3322|2148
3323|3149
3324|4150
3325|5151
3326|6152
3327|7153
3328|8154
3329|9155
332E|E332
332S|S332
332_|_332
3330|0156
3331|1157
3332|2158
3333|3159
3334|4160
3335|5161
3336|6162
3337|7163
3338|8164
3339|9165
333E|E333
333S|S333
333_|_333
3340|0166
3341|1167
3342|2168
3343|3169
3344|4170
3345|5171
3346|6172
3347|7173
3348|8174
3349|9175
334E|E334
334S|S334
334_|_334
3350|0176
3351|1177
3352|2178
3353|3179
3354|4180
3355|5181
3356|6182
3357|7183
3358|8184
3359|9185
335E|E335
335S|S335
335_|_335
3360|0186
3361|1187
3362|2188
3363|3189
3364|4190
3365|5191
3366|6192
3367|7193
3368|8194
3369|9195
336E|E336
336S|S336
336_|_336
3370|0196
3371|1197
3372|2198
3373|3199
3374|4200
3375|5201
3376|6202
3377|7203
3378|8204
3379|9205
337E|E337
337S|S337
337_|_337
3380|0206
3381|1207
3382|2208
3383|3209
3384|4210
3385|5211
3386|6212
3387|7213
3388|8214
3389|9215
338E|E338
338S|S338
338_|_338
3390|0216
3391|1217
3392|2218
3393|3219
3394|4220
3395|5221
3396|6222
3397|7223
3398|8224
3399|9225
339E|E339
339S|S339
339_|_339
3400|0226
3401|1227
3402|2228
3403|3229
3404|4230
3405|5231
3406|6232
3407|7233
3408|8234
3409|9235
340E|E340
340S|S340
340_|_340
3410|0236
3411|1237
3412|2238
3413|3239
3414|4240
3415|5241
3416|6242
3417|7243
3418|8244
3419|9245
341E|E341
341S|S341
341_|_341
3420|0246
3421|1247
3422|2248
3423|3249
3424|4250
3425|5251
3426|6252
3427|7253
3428|8254
3429|9255
342E|E342
342S|S342
342_|_342
3430|0256
3431|1257
3432|2258
3433|3259
3434|4260
3435|5261
3436|6262
3437|7263
3438|8264
3439|9265
343E|E343
343S|S343
343_|_343
3440|0266
3441|1267
3442|2268
3443|3269
3444|4270
3445|5271
3446|6272
3447|7273
3448|8274
3449|9275
344E|E344
344S|S344
344_|_344
3450|0276
3451|1277
3452|2278
3453|3279
3454|4280
3455|5281
3456|6282
3457|7283
3458|8284
3459|9285
345E|E345
345S|S345
345_|_345
3460|0286
3461|1287
3462|2288
3463|3289
3464|4290
3465|5291
3466|6292
3467|7293
3468|8294
3469|9295
346E|E346
346S|S346
346_|_346
3470|0296
3471|1297
3472|2298
3473|3299
3474|4300
3475|5301
3476|6302
3477|7303
3478|8304
3479|9305
347E|E347
347S|S347
347_|_347
3480|0306
3481|1307
3482|2308
3483|3309
3484|4310
3485|5311
3486|6312
3487|7313
3488|8314
3489|9315
348E|E348
348S|S348
348_|_348
3490|0316
3491|1317
3492|2318
3493|3319
3494|4320
3495|5321
3496|6322
3497|7323
3498|8324
3499|9325
349E|E349
349S|S349
349_|_349
3500|0326
3501|1327
3502|2328
3503|3329
3504|4330
3505|5331
3506|6332
3507|7333
3508|8334
3509|9335
350E|E350
350S|S350
350_|_350
3510|0336
3511|1337
3512|2338
3513|3339
3514|4340
3515|5341
3516|6342
3517|7343
3518|8344
3519|9345
351E|E351
351S|S351
351_|_351
3520|0346
3521|1347
3522|2348
3523|3349
3524|4350
3525|5351
3526|6352
3527|7353
3528|8354
3529|9355
352E|E352
352S|S352
352_|_352
3530|0356
3531|1357
3532|2358
3533|3359
3534|4360
3535|5361
3536|6362
3537|7363
3538|8364
3539|9365
353E|E353
353S|S353
353_|_353
3540|0366
3541|1367
3542|2368
3543|3369
3544|4370
3545|5371
3546|6372
3547|7373
3548|8374
3549|9375
354E|E354
354S|S354
354_|_354
3550|0376
3551|1377
3552|2378
3553|3379
3554|4380
3555|5381
3556|6382
3557|7383
3558|8384
3559|9385
355E|E355
355S|S355
355_|_355
3560|0386
3561|1387
3562|2388
3563|3389
3564|4390
3565|5391
3566|6392
3567|7393
3568|8394
3569|9395
356E|E356
356S|S356
356_|_356
3570|0396
3571|1397
3572|2398
3573|3399
3574|4400
3575|5401
3576|6402
3577|7403
3578|8404
3579|9405
357E|E357
357S|S357
357_|_357
3580|0406
3581|1407
3582|2408
3583|3409
3584|4410
3585|5411
3586|6412
3587|7413
3588|8414
3589|9415
358E|E358
358S|S358
358_|_358
3590|0416
3591|1417
3592|2418
3593|3419
3594|4420
3595|5421
3596|6422
3597|7423
3598|8424
3599|9425
359E|E359
359S|S359
359_|_359
3600|0426
3601|1427
3602|2428
3603|3429
3604|4430
3605|5431
3606|6432
3607|7433
3608|8434
3609|9435
360E|E360
360S|S360
360_|_360
3610|0436
3611|1437
3612|2438
3613|3439
3614|4440
3615|5441
3616|6442
3617|7443
3618|8444
3619|9445
361E|E361
361S|S361
361_|_361
3620|0446
3621|1447
3622|2448
3623|3449
3624|4450
3625|5451
3626|6452
3627|7453
3628|8454
3629|9455
362E|E362
362S|S362
362_|_362
3630|0456
3631|1457
3632|2458
3633|3459
3634|4460
3635|5461
3636|6462
3637|7463
3638|8464
3639|9465
363E|E363
363S|S363
363_|_363
3640|0466
3641|1467
3642|2468
3643|3469
3644|4470
3645|5471
3646|6472
3647|7473
3648|8474
3649|9475
364E|E364
364S|S364
364_|_364
3650|0476
3651|1477
3652|2478
3653|3479
3654|4480
3655|5481
3656|6482
3657|7483
3658|8484
3659|9485
365E|E365
365S|S365
365_|_365
3660|0486
3661|1487
3662|2488
3663|3489
3664|4490
3665|5491
3666|6492
3667|7493
3668|8494
3669|9495
366E|E366
366S|S366
366_|_366
3670|0496
3671|1497
3672|2498
3673|3499
3674|4500
3675|5501
3676|6502
3677|7503
3678|8504
3679|9505
367E|E367
367S|S367
367_|_367
3680|0506
3681|1507
3682|2508
3683|3509
3684|4510
3685|5511
3686|6512
3687|7513
3688|8514
3689|9515
368E|E368
368S|S368
368_|_368
3690|0516
3691|1517
3692|2518
3693|3519
3694|4520
3695|5521
3696|6522
3697|7523
3698|8524
3699|9525
369E|E369
369S|S369
369_|_369
3700|0526
3701|1527
3702|2528
3703|3000
3704|4001
3705|5002
3706|6003
3707|7004
3708|8005
3709|9006
370E|E370
370S|S370
370_|_370
3710|0007
3711|1008
3712|2009
3713|3010
3714|4011
3715|5012
3716|6013
3717|7014
3718|8015
3719|9016
371E|E371
371S|S371
371_|_371
3720|0017
3721|1018
3722|2019
3723|3020
3724|4021
3725|5022
3726|6023
3727|7024
3728|8025
3729|9026
372E|E372
372S|S372
372_|_372
3730|0027
3731|1028
3732|2029
3733|3030
3734|4031
3735|5032
3736|6033
3737|7034
3738|8035
3739|9036
373E|E373
373S|S373
373_|_373
3740|0037
3741|1038
3742|2039
3743|3040
3744|4041
3745|5042
3746|6043
3747|7044
3748|8045
3749|9046
374E|E374
374S|S374
374_|_374
3750|0047
3751|1048
3752|2049
3753|3050
3754|4051
3755|5052
3756|6053
3757|7054
3758|8055
3759|9056
375E|E375
375S|S375
375_|_375
3760|0057
3761|1058
3762|2059
3763|3060
3764|4061
3765|5062
3766|6063
3767|7064
3768|8065
3769|9066
376E|E376
376S|S376
376_|_376
3770|0067
3771|1068
3772|2069
3773|3070
3774|4071
3775|5072
3776|6073
3777|7074
3778|8075
3779|9076
377E|E377
377S|S377
377_|_377
3780|0077
3781|1078
3782|2079
3783|3080
3784|4081
3785|5082
3786|6083
3787|7084
3788|8085
3789|9086
378E|E378
378S|S378
378_|_378
3790|0087
3791|1088
3792|2089
3793|3090
3794|4091
3795|5092
3796|6093
3797|7094
3798|8095
3799|9096
379E|E379
379S|S379
379_|_379
3800|0097
3801|1098
3802|2099
3803|3100
3804|4101
3805|5102
3806|6103
3807|7104
3808|8105
3809|9106
380E|E380
380S|S380
380_|_380
3810|0107
3811|1108
3812|2109
3813|3110
3814|4111
3815|5112
3816|6113
3817|7114
3818|8115
3819|9116
381E|E381
381S|S381
381_|_381
3820|0117
3821|1118
3822|2119
3823|3120
3824|4121
3825|5122
3826|6123
3827|7124
3828|8125
3829|9126
382E|E382
382S|S382
382_|_382
3830|0127
3831|1128
3832|2129
3833|3130
3834|4131
3835|5132
3836|6133
3837|7134
3838|8135
3839|9136
383E|E383
383S|S383
383_|_383
3840|0137
3841|1138
3842|2139
3843|3140
3844|4141
3845|5142
3846|6143
3847|7144
3848|8145
3849|9146
384E|E384
384S|S384
384_|_384
3850|0147
3851|1148
3852|2149
3853|3150
3854|4151
3855|5152
3856|6153
3857|7154
3858|8155
3859|9156
385E|E385
385S|S385
385_|_385
3860|0157
3861|1158
3862|2159
3863|3160
3864|4161
3865|5162
3866|6163
3867|7164
3868|8165
3869|9166
386E|E386
386S|S386
386_|_386
3870|0167
3871|1168
3872|2169
3873|3170
3874|4171
3875|5172
3876|6173
3877|7174
3878|8175
3879|9176
387E|E387
387S|S387
387_|_387
3880|0177
3881|1178
3882|2179
3883|3180
3884|4181
3885|5182
3886|6183
3887|7184
3888|8185
3889|9186
388E|E388
388S|S388
388_|_388
3890|0187
3891|1188
3892|2189
3893|3190
3894|4191
3895|5192
3896|6193
3897|7194
3898|8195
3899|9196
389E|E389
389S|S389
389_|_389
3900|0197
3901|1198
3902|2199
3903|3200
3904|4201
3905|5202
3906|6203
3907|7204
3908|8205
3909|9206
390E|E390
390S|S390
390_|_390
3910|0207
3911|1208
3912|2209
3913|3210
3914|4211
3915|5212
3916|6213
3917|7214
3918|8215
3919|9216
391E|E391
391S|S391
391_|_391
3920|0217
3921|1218
3922|2219
3923|3220
3924|4221
3925|5222
3926|6223
3927|7224
3928|8225
3929|9226
392E|E392
392S|S392
392_|_392
3930|0227
3931|1228
3932|2229
3933|3230
3934|4231
3935|5232
3936|6233
3937|7234
3938|8235
3939|9236
393E|E393
393S|S393
393_|_393
3940|0237
3941|1238
3942|2239
3943|3240
3944|4241
3945|5242
3946|6243
3947|7244
3948|8245
3949|9246
394E|E394
394S|S394
394_|_394
3950|0247
3951|1248
3952|2249
3953|3250
3954|4251
3955|5252
3956|6253
3957|7254
3958|8255
3959|9256
395E|E395
395S|S395
395_|_395
3960|0257
3961|1258
3962|2259
3963|3260
3964|4261
3965|5262
3966|6263
3967|7264
3968|8265
3969|9266
396E|E396
396S|S396
396_|_396
3970|0267
3971|1268
3972|2269
3973|3270
3974|4271
3975|5272
3976|6273
3977|7274
3978|8275
3979|9276
397E|E397
397S|S397
397_|_397
3980|0277
3981|1278
3982|2279
3983|3280
3984|4281
3985|5282
3986|6283
3987|7284
3988|8285
3989|9286
398E|E398
398S|S398
398_|_398
3990|0287
3991|1288
3992|2289
3993|3290
3994|4291
3995|5292
3996|6293
3997|7294
3998|8295
3999|9296
399E|E399
399S|S399
399_|_399
4000|0297
4001|1298
4002|2299
4003|3300
4004|4301
4005|5302
4006|6303
4007|7304
4008|8305
4009|9306
400E|E400
400S|S400
400_|_400
4010|0307
4011|1308
4012|2309
4013|3310
4014|4311
4015|5312
4016|6313
4017|7314
4018|8315
4019|9316
401E|E401
401S|S401
401_|_401
4020|0317
4021|1318
4022|2319
4023|3320
4024|4321
4025|5322
4026|6323
4027|7324
4028|8325
4029|9326
402E|E402
402S|S402
402_|_402
4030|0327
4031|1328
4032|2329
4033|3330
4034|4331
4035|5332
4036|6333
4037|7334
4038|8335
4039|9336
403E|E403
403S|S403
403_|_403
4040|0337
4041|1338
4042|2339
4043|3340
4044|4341
4045|5342
4046|6343
4047|7344
4048|8345
4049|9346
404E|E404
404S|S404
404_|_404
4050|0347
4051|1348
4052|2349
4053|3350
4054|4351
4055|5352
4056|6353
4057|7354
4058|8355
4059|9356
405E|E405
405S|S405
405_|_405
4060|0357
4061|1358
4062|2359
4063|3360
4064|4361
4065|5362
4066|6363
4067|7364
4068|8365
4069|9366
406E|E406
406S|S406
406_|_406
4070|0367
4071|1368
4072|2369
4073|3370
4074|4371
4075|5372
4076|6373
4077|7374
4078|8375
4079|9376
407E|E407
407S|S407
407_|_407
4080|0377
4081|1378
4082|2379
4083|3380
4084|4381
4085|5382
4086|6383
4087|7384
4088|8385
4089|9386
408E|E408
408S|S408
408_|_408
4090|0387
4091|1388
4092|2389
4093|3390
4094|4391
4095|5392
4096|6393
4097|7394
4098|8395
4099|9396
409E|E409
409S|S409
409_|_409
4100|0397
4101|1398
4102|2399
4103|3400
4104|4401
4105|5402
4106|6403
4107|7404
4108|8405
4109|9406
410E|E410
410S|S410
410_|_410
4110|0407
4111|1408
4112|2409
4113|3410
4114|4411
4115|5412
4116|6413
4117|7414
4118|8415
4119|9416
411E|E411
411S|S411
411_|_411
4120|0417
4121|1418
4122|2419
4123|3420
4124|4421
4125|5422
4126|6423
4127|7424
4128|8425
4129|9426
412E|E412
412S|S412
412_|_412
4130|0427
4131|1428
4132|2429
4133|3430
4134|4431
4135|5432
4136|6433
4137|7434
4138|8435
4139|9436
413E|E413
413S|S413
413_|_413
4140|0437
4141|1438
4142|2439
4143|3440
4144|4441
4145|5442
4146|6443
4147|7444
4148|8445
4149|9446
414E|E414
414S|S414
414_|_414
4150|0447
4151|1448
4152|2449
4153|3450
4154|4451
4155|5452
4156|6453
4157|7454
4158|8455
4159|9456
415E|E415
415S|S415
415_|_415
4160|0457
4161|1458
4162|2459
4163|3460
4164|4461
4165|5462
4166|6463
4167|7464
4168|8465
4169|9466
416E|E416
416S|S416
416_|_416
4170|0467
4171|1468
4172|2469
4173|3470
4174|4471
4175|5472
4176|6473
4177|7474
4178|8475
4179|9476
417E|E417
417S|S417
417_|_417
4180|0477
4181|1478
4182|2479
4183|3480
4184|4481
4185|5482
4186|6483
4187|7484
4188|8485
4189|9486
418E|E418
418S|S418
418_|_418
4190|0487
4191|1488
4192|2489
4193|3490
4194|4491
4195|5492
4196|6493
4197|7494
4198|8495
4199|9496
419E|E419
419S|S419
419_|_419
4200|0497
4201|1498
4202|2499
4203|3500
4204|4501
4205|5502
4206|6503
4207|7504
4208|8505
4209|9506
420E|E420
420S|S420
420_|_420
4210|0507
4211|1508
4212|2509
4213|3510
4214|4511
4215|5512
4216|6513
4217|7514
4218|8515
4219|9516
421E|E421
421S|S421
421_|_421
4220|0517
4221|1518
4222|2519
4223|3520
4224|4521
4225|5522
4226|6523
4227|7524
4228|8525
4229|9526
422E|E422
422S|S422
422_|_422
4230|0527
4231|1528
4232|2000
4233|3001
4234|4002
4235|5003
4236|6004
4237|7005
4238|8006
4239|9007
423E|E423
423S|S423
423_|_423
4240|0008
4241|1009
4242|2010
4243|3011
4244|4012
4245|5013
4246|6014
4247|7015
4248|8016
4249|9017
424E|E424
424S|S424
424_|_424
4250|0018
4251|1019
4252|2020
4253|3021
4254|4022
4255|5023
4256|6024
4257|7025
4258|8026
4259|9027
425E|E425
425S|S425
425_|_425
4260|0028
4261|1029
4262|2030
4263|3031
4264|4032
4265|5033
4266|6034
4267|7035
4268|8036
4269|9037
426E|E426
426S|S426
426_|_426
4270|0038
4271|1039
4272|2040
4273|3041
4274|4042
4275|5043
4276|6044
4277|7045
4278|8046
4279|9047
427E|E427
427S|S427
427_|_427
4280|0048
4281|1049
4282|2050
4283|3051
4284|4052
4285|5053
4286|6054
4287|7055
4288|8056
4289|9057
428E|E428
428S|S428
428_|_428
4290|0058
4291|1059
4292|2060
4293|3061
4294|4062
4295|5063
4296|6064
4297|7065
4298|8066
4299|9067
429E|E429
429S|S429
429_|_429
4300|0068
4301|1069
4302|2070
4303|3071
4304|4072
4305|5073
4306|6074
4307|7075
4308|8076
4309|9077
430E|E430
430S|S430
430_|_430
4310|0078
4311|1079
4312|2080
4313|3081
4314|4082
4315|5083
4316|6084
4317|7085
4318|8086
4319|9087
431E|E431
431S|S431
431_|_431
4320|0088
4321|1089
4322|2090
4323|3091
4324|4092
4325|5093
4326|6094
4327|7095
4328|8096
4329|9097
432E|E432
432S|S432
432_|_432
4330|0098
4331|1099
4332|2100
4333|3101
4334|4102
4335|5103
4336|6104
4337|7105
4338|8106
4339|9107
433E|E433
433S|S433
433_|_433
4340|0108
4341|1109
4342|2110
4343|3111
4344|4112
4345|5113
4346|6114
4347|7115
4348|8116
4349|9117
434E|E434
434S|S434
434_|_434
4350|0118
4351|1119
4352|2120
4353|3121
4354|4122
4355|5123
4356|6124
4357|7125
4358|8126
4359|9127
435E|E435
435S|S435
435_|_435
4360|0128
4361|1129
4362|2130
4363|3131
4364|4132
4365|5133
4366|6134
4367|7135
4368|8136
4369|9137
436E|E436
436S|S436
436_|_436
4370|0138
4371|1139
4372|2140
4373|3141
4374|4142
4375|5143
4376|6144
4377|7145
4378|8146
4379|9147
437E|E437
437S|S437
437_|_437
4380|0148
4381|1149
4382|2150
4383|3151
4384|4152
4385|5153
4386|6154
4387|7155
4388|8156
4389|9157
438E|E438
438S|S438
438_|_438
4390|0158
4391|1159
4392|2160
4393|3161
4394|4162
4395|5163
4396|6164
4397|7165
4398|8166
4399|9167
439E|E439
439S|S439
439_|_439
4400|0168
4401|1169
4402|2170
4403|3171
4404|4172
4405|5173
4406|6174
4407|7175
4408|8176
4409|9177
440E|E440
440S|S440
440_|_440
4410|0178
4411|1179
4412|2180
4413|3181
4414|4182
4415|5183
4416|6184
4417|7185
4418|8186
4419|9187
441E|E441
441S|S441
441_|_441
4420|0188
4421|1189
4422|2190
4423|3191
4424|4192
4425|5193
4426|6194
4427|7195
4428|8196
4429|9197
442E|E442
442S|S442
442_|_442
4430|0198
4431|1199
4432|2200
4433|3201
4434|4202
4435|5203
4436|6204
4437|7205
4438|8206
4439|9207
443E|E443
443S|S443
443_|_443
4440|0208
4441|1209
4442|2210
4443|3211
4444|4212
4445|5213
4446|6214
4447|7215
4448|8216
4449|9217
444E|E444
444S|S444
444_|_444
4450|0218
4451|1219
4452|2220
4453|3221
4454|4222
4455|5223
4456|6224
4457|7225
4458|8226
4459|9227
445E|E445
445S|S445
445_|_445
4460|0228
4461|1229
4462|2230
4463|3231
4464|4232
4465|5233
4466|6234
4467|7235
4468|8236
4469|9237
446E|E446
446S|S446
446_|_446
4470|0238
4471|1239
4472|2240
4473|3241
4474|4242
4475|5243
4476|6244
4477|7245
4478|8246
4479|9247
447E|E447
447S|S447
447_|_447
4480|0248
4481|1249
4482|2250
4483|3251
4484|4252
4485|5253
4486|6254
4487|7255
4488|8256
4489|9257
448E|E448
448S|S448
448_|_448
4490|0258
4491|1259
4492|2260
4493|3261
4494|4262
4495|5263
4496|6264
4497|7265
4498|8266
4499|9267
449E|E449
449S|S449
449_|_449
4500|0268
4501|1269
4502|2270
4503|3271
4504|4272
4505|5273
4506|6274
4507|7275
4508|8276
4509|9277
450E|E450
450S|S450
450_|_450
4510|0278
4511|1279
4512|2280
4513|3281
4514|4282
4515|5283
4516|6284
4517|7285
4518|8286
4519|9287
451E|E451
451S|S451
451_|_451
4520|0288
4521|1289
4522|2290
4523|3291
4524|4292
4525|5293
4526|6294
4527|7295
4528|8296
4529|9297
452E|E452
452S|S452
452_|_452
4530|0298
4531|1299
4532|2300
4533|3301
4534|4302
4535|5303
4536|6304
4537|7305
4538|8306
4539|9307
453E|E453
453S|S453
453_|_453
4540|0308
4541|1309
4542|2310
4543|3311
4544|4312
4545|5313
4546|6314
4547|7315
4548|8316
4549|9317
454E|E454
454S|S454
454_|_454
4550|0318
4551|1319
4552|2320
4553|3321
4554|4322
4555|5323
4556|6324
4557|7325
4558|8326
4559|9327
455E|E455
455S|S455
455_|_455
4560|0328
4561|1329
4562|2330
4563|3331
4564|4332
4565|5333
4566|6334
4567|7335
4568|8336
4569|9337
456E|E456
456S|S456
456_|_456
4570|0338
4571|1339
4572|2340
4573|3341
4574|4342
4575|5343
4576|6344
4577|7345
4578|8346
4579|9347
457E|E457
457S|S457
457_|_457
4580|0348
4581|1349
4582|2350
4583|3351
4584|4352
4585|5353
4586|6354
4587|7355
4588|8356
4589|9357
458E|E458
458S|S458
458_|_458
4590|0358
4591|1359
4592|2360
4593|3361
4594|4362
4595|5363
4596|6364
4597|7365
4598|8366
4599|9367
459E|E459
459S|S459
459_|_459
4600|0368
4601|1369
4602|2370
4603|3371
4604|4372
4605|5373
4606|6374
4607|7375
4608|8376
4609|9377
460E|E460
460S|S460
460_|_460
4610|0378
4611|1379
4612|2380
4613|3381
4614|4382
4615|5383
4616|6384
4617|7385
4618|8386
4619|9387
461E|E461
461S|S461
461_|_461
4620|0388
4621|1389
4622|2390
4623|3391
4624|4392
4625|5393
4626|6394
4627|7395
4628|8396
4629|9397
462E|E462
462S|S462
462_|_462
4630|0398
4631|1399
4632|2400
4633|3401
4634|4402
4635|5403
4636|6404
4637|7405
4638|8406
4639|9407
463E|E463
463S|S463
463_|_463
4640|0408
4641|1409
4642|2410
4643|3411
4644|4412
4645|5413
4646|6414
4647|7415
4648|8416
4649|9417
464E|E464
464S|S464
464_|_464
4650|0418
4651|1419
4652|2420
4653|3421
4654|4422
4655|5423
4656|6424
4657|7425
4658|8426
4659|9427
465E|E465
465S|S465
465_|_465
4660|0428
4661|1429
4662|2430
4663|3431
4664|4432
4665|5433
4666|6434
4667|7435
4668|8436
4669|9437
466E|E466
466S|S466
466_|_466
4670|0438
4671|1439
4672|2440
4673|3441
4674|4442
4675|5443
4676|6444
4677|7445
4678|8446
4679|9447
467E|E467
467S|S467
467_|_467
4680|0448
4681|1449
4682|2450
4683|3451
4684|4452
4685|5453
4686|6454
4687|7455
4688|8456
4689|9457
468E|E468
468S|S468
468_|_468
4690|0458
4691|1459
4692|2460
4693|3461
4694|4462
4695|5463
4696|6464
4697|7465
4698|8466
4699|9467
469E|E469
469S|S469
469_|_469
4700|0468
4701|1469
4702|2470
4703|3471
4704|4472
4705|5473
4706|6474
4707|7475
4708|8476
4709|9477
470E|E470
470S|S470
470_|_470
4710|0478
4711|1479
4712|2480
4713|3481
4714|4482
4715|5483
4716|6484
4717|7485
4718|8486
4719|9487
471E|E471
471S|S471
471_|_471
4720|0488
4721|1489
4722|2490
4723|3491
4724|4492
4725|5493
4726|6494
4727|7495
4728|8496
4729|9497
472E|E472
472S|S472
472_|_472
4730|0498
4731|1499
4732|2500
4733|3501
4734|4502
4735|5503
4736|6504
4737|7505
4738|8506
4739|9507
473E|E473
473S|S473
473_|_473
4740|0508
4741|1509
4742|2510
4743|3511
4744|4512
4745|5513
4746|6514
4747|7515
4748|8516
4749|9517
474E|E474
474S|S474
474_|_474
4750|0518
4751|1519
4752|2520
4753|3521
4754|4522
4755|5523
4756|6524
4757|7525
4758|8526
4759|9527
475E|E475
475S|S475
475_|_475
4760|0528
4761|1000
4762|2001
4763|3002
4764|4003
4765|5004
4766|6005
4767|7006
4768|8007
4769|9008
476E|E476
476S|S476
476_|_476
4770|0009
4771|1010
4772|2011
4773|3012
4774|4013
4775|5014
4776|6015
4777|7016
4778|8017
4779|9018
477E|E477
477S|S477
477_|_477
4780|0019
4781|1020
4782|2021
4783|3022
4784|4023
4785|5024
4786|6025
4787|7026
4788|8027
4789|9028
478E|E478
478S|S478
478_|_478
4790|0029
4791|1030
4792|2031
4793|3032
4794|4033
4795|5034
4796|6035
4797|7036
4798|8037
4799|9038
479E|E479
479S|S479
479_|_479
4800|0039
4801|1040
4802|2041
4803|3042
4804|4043
4805|5044
4806|6045
4807|7046
4808|8047
4809|9048
480E|E480
480S|S480
480_|_480
4810|0049
4811|1050
4812|2051
4813|3052
4814|4053
4815|5054
4816|6055
4817|7056
4818|8057
4819|9058
481E|E481
481S|S481
481_|_481
4820|0059
4821|1060
4822|2061
4823|3062
4824|4063
4825|5064
4826|6065
4827|7066
4828|8067
4829|9068
482E|E482
482S|S482
482_|_482
4830|0069
4831|1070
4832|2071
4833|3072
4834|4073
4835|5074
4836|6075
4837|7076
4838|8077
4839|9078
483E|E483
483S|S483
483_|_483
4840|0079
4841|1080
4842|2081
4843|3082
4844|4083
4845|5084
4846|6085
4847|7086
4848|8087
4849|9088
484E|E484
484S|S484
484_|_484
4850|0089
4851|1090
4852|2091
4853|3092
4854|4093
4855|5094
4856|6095
4857|7096
4858|8097
4859|9098
485E|E485
485S|S485
485_|_485
4860|0099
4861|1100
4862|2101
4863|3102
4864|4103
4865|5104
4866|6105
4867|7106
4868|8107
4869|9108
486E|E486
486S|S486
486_|_486
4870|0109
4871|1110
4872|2111
4873|3112
4874|4113
4875|5114
4876|6115
4877|7116
4878|8117
4879|9118
487E|E487
487S|S487
487_|_487
4880|0119
4881|1120
4882|2121
4883|3122
4884|4123
4885|5124
4886|6125
4887|7126
4888|8127
4889|9128
488E|E488
488S|S488
488_|_488
4890|0129
4891|1130
4892|2131
4893|3132
4894|4133
4895|5134
4896|6135
4897|7136
4898|8137
4899|9138
489E|E489
489S|S489
489_|_489
4900|0139
4901|1140
4902|2141
4903|3142
4904|4143
4905|5144
4906|6145
4907|7146
4908|8147
4909|9148
490E|E490
490S|S490
490_|_490
4910|0149
4911|1150
4912|2151
4913|3152
4914|4153
4915|5154
4916|6155
4917|7156
4918|8157
4919|9158
491E|E491
491S|S491
491_|_491
4920|0159
4921|1160
4922|2161
4923|3162
4924|4163
4925|5164
4926|6165
4927|7166
4928|8167
4929|9168
492E|E492
492S|S492
492_|_492
4930|0169
4931|1170
4932|2171
4933|3172
4934|4173
4935|5174
4936|6175
4937|7176
4938|8177
4939|9178
493E|E493
493S|S493
493_|_493
4940|0179
4941|1180
4942|2181
4943|3182
4944|4183
4945|5184
4946|6185
4947|7186
4948|8187
4949|9188
494E|E494
494S|S494
494_|_494
4950|0189
4951|1190
4952|2191
4953|3192
4954|4193
4955|5194
4956|6195
4957|7196
4958|8197
4959|9198
495E|E495
495S|S495
495_|_495
4960|0199
4961|1200
4962|2201
4963|3202
4964|4203
4965|5204
4966|6205
4967|7206
4968|8207
4969|9208
496E|E496
496S|S496
496_|_496
4970|0209
4971|1210
4972|2211
4973|3212
4974|4213
4975|5214
4976|6215
4977|7216
4978|8217
4979|9218
497E|E497
497S|S497
497_|_497
4980|0219
4981|1220
4982|2221
4983|3222
4984|4223
4985|5224
4986|6225
4987|7226
4988|8227
4989|9228
498E|E498
498S|S498
498_|_498
4990|0229
4991|1230
4992|2231
4993|3232
4994|4233
4995|5234
4996|6235
4997|7236
4998|8237
4999|9238
499E|E499
499S|S499
499_|_499
5000|0239
5001|1240
5002|2241
5003|3242
5004|4243
5005|5244
5006|6245
5007|7246
5008|8247
5009|9248
500E|E500
500S|S500
500_|_500
5010|0249
5011|1250
5012|2251
5013|3252
5014|4253
5015|5254
5016|6255
5017|7256
5018|8257
5019|9258
501E|E501
501S|S501
501_|_501
5020|0259
5021|1260
5022|2261
5023|3262
5024|4263
5025|5264
5026|6265
5027|7266
5028|8267
5029|9268
502E|E502
502S|S502
502_|_502
5030|0269
5031|1270
5032|2271
5033|3272
5034|4273
5035|5274
5036|6275
5037|7276
5038|8277
5039|9278
503E|E503
503S|S503
503_|_503
5040|0279
5041|1280
5042|2281
5043|3282
5044|4283
5045|5284
5046|6285
5047|7286
5048|8287
5049|9288
504E|E504
504S|S504
504_|_504
5050|0289
5051|1290
5052|2291
5053|3292
5054|4293
5055|5294
5056|6295
5057|7296
5058|8297
5059|9298
505E|E505
505S|S505
505_|_505
5060|0299
5061|1300
5062|2301
5063|3302
5064|4303
5065|5304
5066|6305
5067|7306
5068|8307
5069|9308
506E|E506
506S|S506
506_|_506
5070|0309
5071|1310
5072|2311
5073|3312
5074|4313
5075|5314
5076|6315
5077|7316
5078|8317
5079|9318
507E|E507
507S|S507
507_|_507
5080|0319
5081|1320
5082|2321
5083|3322
5084|4323
5085|5324
5086|6325
5087|7326
5088|8327
5089|9328
508E|E508
508S|S508
508_|_508
5090|0329
5091|1330
5092|2331
5093|3332
5094|4333
5095|5334
5096|6335
5097|7336
5098|8337
5099|9338
509E|E509
509S|S509
509_|_509
5100|0339
5101|1340
5102|2341
5103|3342
5104|4343
5105|5344
5106|6345
5107|7346
5108|8347
5109|9348
510E|E510
510S|S510
510_|_510
5110|0349
5111|1350
5112|2351
5113|3352
5114|4353
5115|5354
5116|6355
5117|7356
5118|8357
5119|9358
511E|E511
511S|S511
511_|_511
5120|0359
5121|1360
5122|2361
5123|3362
5124|4363
5125|5364
5126|6365
5127|7366
5128|8367
5129|9368
512E|E512
512S|S512
512_|_512
5130|0369
5131|1370
5132|2371
5133|3372
5134|4373
5135|5374
5136|6375
5137|7376
5138|8377
5139|9378
513E|E513
513S|S513
513_|_513
5140|0379
5141|1380
5142|2381
5143|3382
5144|4383
5145|5384
5146|6385
5147|7386
5148|8387
5149|9388
514E|E514
514S|S514
514_|_514
5150|0389
5151|1390
5152|2391
5153|3392
5154|4393
5155|5394
5156|6395
5157|7396
5158|8397
5159|9398
515E|E515
515S|S515
515_|_515
5160|0399
5161|1400
5162|2401
5163|3402
5164|4403
5165|5404
5166|6405
5167|7406
5168|8407
5169|9408
516E|E516
516S|S516
516_|_516
5170|0409
5171|1410
5172|2411
5173|3412
5174|4413
5175|5414
5176|6415
5177|7416
5178|8417
5179|9418
517E|E517
517S|S517
517_|_517
5180|0419
5181|1420
5182|2421
5183|3422
5184|4423
5185|5424
5186|6425
5187|7426
5188|8427
5189|9428
518E|E518
518S|S518
518_|_518
5190|0429
5191|1430
5192|2431
5193|3432
5194|4433
5195|5434
5196|6435
5197|7436
5198|8437
5199|9438
519E|E519
519S|S519
519_|_519
5200|0439
5201|1440
5202|2441
5203|3442
5204|4443
5205|5444
5206|6445
5207|7446
5208|8447
5209|9448
520E|E520
520S|S520
520_|_520
5210|0449
5211|1450
5212|2451
5213|3452
5214|4453
5215|5454
5216|6455
5217|7456
5218|8457
5219|9458
521E|E521
521S|S521
521_|_521
5220|0459
5221|1460
5222|2461
5223|3462
5224|4463
5225|5464
5226|6465
5227|7466
5228|8467
5229|9468
522E|E522
522S|S522
522_|_522
5230|0469
5231|1470
5232|2471
5233|3472
5234|4473
5235|5474
5236|6475
5237|7476
5238|8477
5239|9478
523E|E523
523S|S523
523_|_523
5240|0479
5241|1480
5242|2481
5243|3482
5244|4483
5245|5484
5246|6485
5247|7486
5248|8487
5249|9488
524E|E524
524S|S524
524_|_524
5250|0489
5251|1490
5252|2491
5253|3492
5254|4493
5255|5494
5256|6495
5257|7496
5258|8497
5259|9498
525E|E525
525S|S525
525_|_525
5260|0499
5261|1500
5262|2501
5263|3502
5264|4503
5265|5504
5266|6505
5267|7506
5268|8507
5269|9508
526E|E526
526S|S526
526_|_526
5270|0509
5271|1510
5272|2511
5273|3512
5274|4513
5275|5514
5276|6515
5277|7516
5278|8517
5279|9518
527E|E527
527S|S527
527_|_527
5280|0519
5281|1520
5282|2521
5283|3522
5284|4523
5285|5524
5286|6525
5287|7526
5288|8527
5289|9528
528E|E528
528S|S528
528_|_528
