000|000
100|011
200|022
300|033
400|044
500|055
600|066
700|077
800|088
900|099
_00|00_
-00|00-
001|020
101|031
201|042
301|053
401|064
501|075
601|086
701|097
801|108
901|009
_01|01_
-01|01-
002|040
102|051
202|062
302|073
402|084
502|095
602|106
702|007
802|018
902|029
_02|02_
-02|02-
003|060
103|071
203|082
303|093
403|104
503|005
603|016
703|027
803|038
903|049
_03|03_
-03|03-
004|080
104|091
204|102
304|003
404|014
504|025
604|036
704|047
804|058
904|069
_04|04_
-04|04-
005|100
105|001
205|012
305|023
405|034
505|045
605|056
705|067
805|078
905|089
_05|05_
-05|05-
006|010
106|021
206|032
306|043
406|054
506|065
606|076
706|087
806|098
906|109
_06|06_
-06|06-
007|030
107|041
207|052
307|063
407|074
507|085
607|096
707|107
807|008
907|019
_07|07_
-07|07-
008|050
108|061
208|072
308|083
408|094
508|105
608|006
708|017
808|028
908|039
_08|08_
-08|08-
009|070
109|081
209|092
309|103
409|004
509|015
609|026
709|037
809|048
909|059
_09|09_
-09|09-
010|090
110|101
210|002
310|013
410|024
510|035
610|046
710|057
810|068
910|079
_10|10_
-10|10-
