000|000
001|010
002|020
003|030
004|040
005|050
006|060
007|070
008|080
009|090
010|100
011|110
012|120
013|130
014|140
015|150
016|160
017|170
018|180
019|190
020|200
021|210
022|220
023|230
024|240
025|250
026|260
027|270
028|280
029|290
030|300
031|310
032|320
033|330
034|340
035|350
036|360
037|370
038|380
039|390
040|400
041|410
042|420
043|430
044|440
045|450
046|460
047|470
048|480
049|490
050|500
051|510
052|520
053|530
054|540
055|550
056|560
057|570
058|580
059|590
060|600
061|610
062|620
063|630
064|640
065|650
066|660
067|670
068|680
069|690
070|700
071|710
072|720
073|730
074|740
075|750
076|760
077|770
078|780
079|790
080|800
081|810
082|820
083|830
084|840
085|850
086|860
087|870
088|880
089|890
090|900
091|910
092|920
093|930
094|940
095|950
096|960
097|970
098|980
099|990
100|001
101|011
102|021
103|031
104|041
105|051
106|061
107|071
108|081
109|091
110|101
111|111
112|121
113|131
114|141
115|151
116|161
117|171
118|181
119|191
120|201
121|211
122|221
123|231
124|241
125|251
126|261
127|271
128|281
129|291
130|301
131|311
132|321
133|331
134|341
135|351
136|361
137|371
138|381
139|391
140|401
141|411
142|421
143|431
144|441
145|451
146|461
147|471
148|481
149|491
150|501
151|511
152|521
153|531
154|541
155|551
156|561
157|571
158|581
159|591
160|601
161|611
162|621
163|631
164|641
165|651
166|661
167|671
168|681
169|691
170|701
171|711
172|721
173|731
174|741
175|751
176|761
177|771
178|781
179|791
180|801
181|811
182|821
183|831
184|841
185|851
186|861
187|871
188|881
189|891
190|901
191|911
192|921
193|931
194|941
195|951
196|961
197|971
198|981
199|991
200|002
201|012
202|022
203|032
204|042
205|052
206|062
207|072
208|082
209|092
210|102
211|112
212|122
213|132
214|142
215|152
216|162
217|172
218|182
219|192
220|202
221|212
222|222
223|232
224|242
225|252
226|262
227|272
228|282
229|292
230|302
231|312
232|322
233|332
234|342
235|352
236|362
237|372
238|382
239|392
240|402
241|412
242|422
243|432
244|442
245|452
246|462
247|472
248|482
249|492
250|502
251|512
252|522
253|532
254|542
255|552
256|562
257|572
258|582
259|592
260|602
261|612
262|622
263|632
264|642
265|652
266|662
267|672
268|682
269|692
270|702
271|712
272|722
273|732
274|742
275|752
276|762
277|772
278|782
279|792
280|802
281|812
282|822
283|832
284|842
285|852
286|862
287|872
288|882
289|892
290|902
291|912
292|922
293|932
294|942
295|952
296|962
297|972
298|982
299|992
300|003
301|013
302|023
303|033
304|043
305|053
306|063
307|073
308|083
309|093
310|103
311|113
312|123
313|133
314|143
315|153
316|163
317|173
318|183
319|193
320|203
321|213
322|223
323|233
324|243
325|253
326|263
327|273
328|283
329|293
330|303
331|313
332|323
333|333
334|343
335|353
336|363
337|373
338|383
339|393
340|403
341|413
342|423
343|433
344|443
345|453
346|463
347|473
348|483
349|493
350|503
351|513
352|523
353|533
354|543
355|553
356|563
357|573
358|583
359|593
360|603
361|613
362|623
363|633
364|643
365|653
366|663
367|673
368|683
369|693
370|703
371|713
372|723
373|733
374|743
375|753
376|763
377|773
378|783
379|793
380|803
381|813
382|823
383|833
384|843
385|853
386|863
387|873
388|883
389|893
390|903
391|913
392|923
393|933
394|943
395|953
396|963
397|973
398|983
399|993
400|004
401|014
402|024
403|034
404|044
405|054
406|064
407|074
408|084
409|094
410|104
411|114
412|124
413|134
414|144
415|154
416|164
417|174
418|184
419|194
420|204
421|214
422|224
423|234
424|244
425|254
426|264
427|274
428|284
429|294
430|304
431|314
432|324
433|334
434|344
435|354
436|364
437|374
438|384
439|394
440|404
441|414
442|424
443|434
444|444
445|454
446|464
447|474
448|484
449|494
450|504
451|514
452|524
453|534
454|544
455|554
456|564
457|574
458|584
459|594
460|604
461|614
462|624
463|634
464|644
465|654
466|664
467|674
468|684
469|694
470|704
471|714
472|724
473|734
474|744
475|754
476|764
477|774
478|784
479|794
480|804
481|814
482|824
483|834
484|844
485|854
486|864
487|874
488|884
489|894
490|904
491|914
492|924
493|934
494|944
495|954
496|964
497|974
498|984
499|994
500|005
501|015
502|025
503|035
504|045
505|055
506|065
507|075
508|085
509|095
510|105
511|115
512|125
513|135
514|145
515|155
516|165
517|175
518|185
519|195
520|205
521|215
522|225
523|235
524|245
525|255
526|265
527|275
528|285
529|295
530|305
531|315
532|325
533|335
534|345
535|355
536|365
537|375
538|385
539|395
540|405
541|415
542|425
543|435
544|445
545|455
546|465
547|475
548|485
549|495
550|505
551|515
552|525
553|535
554|545
555|555
556|565
557|575
558|585
559|595
560|605
561|615
562|625
563|635
564|645
565|655
566|665
567|675
568|685
569|695
570|705
571|715
572|725
573|735
574|745
575|755
576|765
577|775
578|785
579|795
580|805
581|815
582|825
583|835
584|845
585|855
586|865
587|875
588|885
589|895
590|905
591|915
592|925
593|935
594|945
595|955
596|965
597|975
598|985
599|995
600|006
601|016
602|026
603|036
604|046
605|056
606|066
607|076
608|086
609|096
610|106
611|116
612|126
613|136
614|146
615|156
616|166
617|176
618|186
619|196
620|206
621|216
622|226
623|236
624|246
625|256
626|266
627|276
628|286
629|296
630|306
631|316
632|326
633|336
634|346
635|356
636|366
637|376
638|386
639|396
640|406
641|416
642|426
643|436
644|446
645|456
646|466
647|476
648|486
649|496
650|506
651|516
652|526
653|536
654|546
655|556
656|566
657|576
658|586
659|596
660|606
661|616
662|626
663|636
664|646
665|656
666|666
667|676
668|686
669|696
670|706
671|716
672|726
673|736
674|746
675|756
676|766
677|776
678|786
679|796
680|806
681|816
682|826
683|836
684|846
685|856
686|866
687|876
688|886
689|896
690|906
691|916
692|926
693|936
694|946
695|956
696|966
697|976
698|986
699|996
700|007
701|017
702|027
703|037
704|047
705|057
706|067
707|077
708|087
709|097
710|107
711|117
712|127
713|137
714|147
715|157
716|167
717|177
718|187
719|197
720|207
721|217
722|227
723|237
724|247
725|257
726|267
727|277
728|287
729|297
730|307
731|317
732|327
733|337
734|347
735|357
736|367
737|377
738|387
739|397
740|407
741|417
742|427
743|437
744|447
745|457
746|467
747|477
748|487
749|497
750|507
751|517
752|527
753|537
754|547
755|557
756|567
757|577
758|587
759|597
760|607
761|617
762|627
763|637
764|647
765|657
766|667
767|677
768|687
769|697
770|707
771|717
772|727
773|737
774|747
775|757
776|767
777|777
778|787
779|797
780|807
781|817
782|827
783|837
784|847
785|857
786|867
787|877
788|887
789|897
790|907
791|917
792|927
793|937
794|947
795|957
796|967
797|977
798|987
799|997
800|008
801|018
802|028
803|038
804|048
805|058
806|068
807|078
808|088
809|098
810|108
811|118
812|128
813|138
814|148
815|158
816|168
817|178
818|188
819|198
820|208
821|218
822|228
823|238
824|248
825|258
826|268
827|278
828|288
829|298
830|308
831|318
832|328
833|338
834|348
835|358
836|368
837|378
838|388
839|398
840|408
841|418
842|428
843|438
844|448
845|458
846|468
847|478
848|488
849|498
850|508
851|518
852|528
853|538
854|548
855|558
856|568
857|578
858|588
859|598
860|608
861|618
862|628
863|638
864|648
865|658
866|668
867|678
868|688
869|698
870|708
871|718
872|728
873|738
874|748
875|758
876|768
877|778
878|788
879|798
880|808
881|818
882|828
883|838
884|848
885|858
886|868
887|878
888|888
889|898
890|908
891|918
892|928
893|938
894|948
895|958
896|968
897|978
898|988
899|998
900|009
901|019
902|029
903|039
904|049
905|059
906|069
907|079
908|089
909|099
910|109
911|119
912|129
913|139
914|149
915|159
916|169
917|179
918|189
919|199
920|209
921|219
922|229
923|239
924|249
925|259
926|269
927|279
928|289
929|299
930|309
931|319
932|329
933|339
934|349
935|359
936|369
937|379
938|389
939|399
940|409
941|419
942|429
943|439
944|449
945|459
946|469
947|479
948|489
949|499
950|509
951|519
952|529
953|539
954|549
955|559
956|569
957|579
958|589
959|599
960|609
961|619
962|629
963|639
964|649
965|659
966|669
967|679
968|689
969|699
970|709
971|719
972|729
973|739
974|749
975|759
976|769
977|779
978|789
979|799
980|809
981|819
982|829
983|839
984|849
985|859
986|869
987|879
988|889
989|899
990|909
991|919
992|929
993|939
994|949
995|959
996|969
997|979
998|989
999|999
_00|00_
_01|01_
_02|02_
_03|03_
_04|04_
_05|05_
_06|06_
_07|07_
_08|08_
_09|09_
_10|10_
_11|11_
_12|12_
_13|13_
_14|14_
_15|15_
_16|16_
_17|17_
_18|18_
_19|19_
_20|20_
_21|21_
_22|22_
_23|23_
_24|24_
_25|25_
_26|26_
_27|27_
_28|28_
_29|29_
_30|30_
_31|31_
_32|32_
_33|33_
_34|34_
_35|35_
_36|36_
_37|37_
_38|38_
_39|39_
_40|40_
_41|41_
_42|42_
_43|43_
_44|44_
_45|45_
_46|46_
_47|47_
_48|48_
_49|49_
_50|50_
_51|51_
_52|52_
_53|53_
_54|54_
_55|55_
_56|56_
_57|57_
_58|58_
_59|59_
_60|60_
_61|61_
_62|62_
_63|63_
_64|64_
_65|65_
_66|66_
_67|67_
_68|68_
_69|69_
_70|70_
_71|71_
_72|72_
_73|73_
_74|74_
_75|75_
_76|76_
_77|77_
_78|78_
_79|79_
_80|80_
_81|81_
_82|82_
_83|83_
_84|84_
_85|85_
_86|86_
_87|87_
_88|88_
_89|89_
_90|90_
_91|91_
_92|92_
_93|93_
_94|94_
_95|95_
_96|96_
_97|97_
_98|98_
_99|99_
