0000|97
0001|35
0002|70
0003|08
0004|43
0005|78
0006|16
0007|51
0008|86
0009|24
0010|62
0011|97
0012|35
0013|70
0014|08
0015|43
0016|78
0017|16
0018|51
0019|86
0020|27
0021|62
0022|97
0023|35
0024|70
0025|08
0026|43
0027|78
0028|16
0029|51
0030|89
0031|27
0032|62
0033|97
0034|35
0035|70
0036|08
0037|43
0038|78
0039|16
0040|54
0041|89
0042|27
0043|62
0044|97
0045|35
0046|70
0047|08
0048|43
0049|78
0050|19
0051|54
0052|89
0053|27
0054|62
0055|97
0056|35
0057|70
0058|08
0059|43
0060|81
0061|19
0062|54
0063|89
0064|27
0065|62
0066|97
0067|35
0068|70
0069|08
0070|46
0071|81
0072|19
0073|54
0074|89
0075|27
0076|62
0077|97
0078|35
0079|70
0080|11
0081|46
0082|81
0083|19
0084|54
0085|89
0086|27
0087|62
0088|97
0089|35
0090|73
0091|11
0092|46
0093|81
0094|19
0095|54
0096|89
0097|27
0098|62
0099|97
0100|98
0101|36
0102|71
0103|09
0104|44
0105|79
0106|17
0107|52
0108|87
0109|25
0110|63
0111|98
0112|36
0113|71
0114|09
0115|44
0116|79
0117|17
0118|52
0119|87
0120|28
0121|63
0122|98
0123|36
0124|71
0125|09
0126|44
0127|79
0128|17
0129|52
0130|90
0131|28
0132|63
0133|98
0134|36
0135|71
0136|09
0137|44
0138|79
0139|17
0140|55
0141|90
0142|28
0143|63
0144|98
0145|36
0146|71
0147|09
0148|44
0149|79
0150|20
0151|55
0152|90
0153|28
0154|63
0155|98
0156|36
0157|71
0158|09
0159|44
0160|82
0161|20
0162|55
0163|90
0164|28
0165|63
0166|98
0167|36
0168|71
0169|09
0170|47
0171|82
0172|20
0173|55
0174|90
0175|28
0176|63
0177|98
0178|36
0179|71
0180|12
0181|47
0182|82
0183|20
0184|55
0185|90
0186|28
0187|63
0188|98
0189|36
0190|74
0191|12
0192|47
0193|82
0194|20
0195|55
0196|90
0197|28
0198|63
0199|98
0200|02
0201|37
0202|72
0203|10
0204|45
0205|80
0206|18
0207|53
0208|88
0209|26
0210|64
0211|02
0212|37
0213|72
0214|10
0215|45
0216|80
0217|18
0218|53
0219|88
0220|29
0221|64
0222|02
0223|37
0224|72
0225|10
0226|45
0227|80
0228|18
0229|53
0230|91
0231|29
0232|64
0233|02
0234|37
0235|72
0236|10
0237|45
0238|80
0239|18
0240|56
0241|91
0242|29
0243|64
0244|02
0245|37
0246|72
0247|10
0248|45
0249|80
0250|21
0251|56
0252|91
0253|29
0254|64
0255|02
0256|37
0257|72
0258|10
0259|45
0260|83
0261|21
0262|56
0263|91
0264|29
0265|64
0266|02
0267|37
0268|72
0269|10
0270|48
0271|83
0272|21
0273|56
0274|91
0275|29
0276|64
0277|02
0278|37
0279|72
0280|13
0281|48
0282|83
0283|21
0284|56
0285|91
0286|29
0287|64
0288|02
0289|37
0290|75
0291|13
0292|48
0293|83
0294|21
0295|56
0296|91
0297|29
0298|64
0299|02
0300|03
0301|38
0302|73
0303|11
0304|46
0305|81
0306|19
0307|54
0308|89
0309|27
0310|65
0311|03
0312|38
0313|73
0314|11
0315|46
0316|81
0317|19
0318|54
0319|89
0320|30
0321|65
0322|03
0323|38
0324|73
0325|11
0326|46
0327|81
0328|19
0329|54
0330|92
0331|30
0332|65
0333|03
0334|38
0335|73
0336|11
0337|46
0338|81
0339|19
0340|57
0341|92
0342|30
0343|65
0344|03
0345|38
0346|73
0347|11
0348|46
0349|81
0350|22
0351|57
0352|92
0353|30
0354|65
0355|03
0356|38
0357|73
0358|11
0359|46
0360|84
0361|22
0362|57
0363|92
0364|30
0365|65
0366|03
0367|38
0368|73
0369|11
0370|49
0371|84
0372|22
0373|57
0374|92
0375|30
0376|65
0377|03
0378|38
0379|73
0380|14
0381|49
0382|84
0383|22
0384|57
0385|92
0386|30
0387|65
0388|03
0389|38
0390|76
0391|14
0392|49
0393|84
0394|22
0395|57
0396|92
0397|30
0398|65
0399|03
0400|04
0401|39
0402|74
0403|12
0404|47
0405|82
0406|20
0407|55
0408|90
0409|28
0410|66
0411|04
0412|39
0413|74
0414|12
0415|47
0416|82
0417|20
0418|55
0419|90
0420|31
0421|66
0422|04
0423|39
0424|74
0425|12
0426|47
0427|82
0428|20
0429|55
0430|93
0431|31
0432|66
0433|04
0434|39
0435|74
0436|12
0437|47
0438|82
0439|20
0440|58
0441|93
0442|31
0443|66
0444|04
0445|39
0446|74
0447|12
0448|47
0449|82
0450|23
0451|58
0452|93
0453|31
0454|66
0455|04
0456|39
0457|74
0458|12
0459|47
0460|85
0461|23
0462|58
0463|93
0464|31
0465|66
0466|04
0467|39
0468|74
0469|12
0470|50
0471|85
0472|23
0473|58
0474|93
0475|31
0476|66
0477|04
0478|39
0479|74
0480|15
0481|50
0482|85
0483|23
0484|58
0485|93
0486|31
0487|66
0488|04
0489|39
0490|77
0491|15
0492|50
0493|85
0494|23
0495|58
0496|93
0497|31
0498|66
0499|04
0500|05
0501|40
0502|75
0503|13
0504|48
0505|83
0506|21
0507|56
0508|91
0509|29
0510|67
0511|05
0512|40
0513|75
0514|13
0515|48
0516|83
0517|21
0518|56
0519|91
0520|32
0521|67
0522|05
0523|40
0524|75
0525|13
0526|48
0527|83
0528|21
0529|56
0530|94
0531|32
0532|67
0533|05
0534|40
0535|75
0536|13
0537|48
0538|83
0539|21
0540|59
0541|94
0542|32
0543|67
0544|05
0545|40
0546|75
0547|13
0548|48
0549|83
0550|24
0551|59
0552|94
0553|32
0554|67
0555|05
0556|40
0557|75
0558|13
0559|48
0560|86
0561|24
0562|59
0563|94
0564|32
0565|67
0566|05
0567|40
0568|75
0569|13
0570|51
0571|86
0572|24
0573|59
0574|94
0575|32
0576|67
0577|05
0578|40
0579|75
0580|16
0581|51
0582|86
0583|24
0584|59
0585|94
0586|32
0587|67
0588|05
0589|40
0590|78
0591|16
0592|51
0593|86
0594|24
0595|59
0596|94
0597|32
0598|67
0599|05
0600|06
0601|41
0602|76
0603|14
0604|49
0605|84
0606|22
0607|57
0608|92
0609|30
0610|68
0611|06
0612|41
0613|76
0614|14
0615|49
0616|84
0617|22
0618|57
0619|92
0620|33
0621|68
0622|06
0623|41
0624|76
0625|14
0626|49
0627|84
0628|22
0629|57
0630|95
0631|33
0632|68
0633|06
0634|41
0635|76
0636|14
0637|49
0638|84
0639|22
0640|60
0641|95
0642|33
0643|68
0644|06
0645|41
0646|76
0647|14
0648|49
0649|84
0650|25
0651|60
0652|95
0653|33
0654|68
0655|06
0656|41
0657|76
0658|14
0659|49
0660|87
0661|25
0662|60
0663|95
0664|33
0665|68
0666|06
0667|41
0668|76
0669|14
0670|52
0671|87
0672|25
0673|60
0674|95
0675|33
0676|68
0677|06
0678|41
0679|76
0680|17
0681|52
0682|87
0683|25
0684|60
0685|95
0686|33
0687|68
0688|06
0689|41
0690|79
0691|17
0692|52
0693|87
0694|25
0695|60
0696|95
0697|33
0698|68
0699|06
0700|07
0701|42
0702|77
0703|15
0704|50
0705|85
0706|23
0707|58
0708|93
0709|31
0710|69
0711|07
0712|42
0713|77
0714|15
0715|50
0716|85
0717|23
0718|58
0719|93
0720|34
0721|69
0722|07
0723|42
0724|77
0725|15
0726|50
0727|85
0728|23
0729|58
0730|96
0731|34
0732|69
0733|07
0734|42
0735|77
0736|15
0737|50
0738|85
0739|23
0740|61
0741|96
0742|34
0743|69
0744|07
0745|42
0746|77
0747|15
0748|50
0749|85
0750|26
0751|61
0752|96
0753|34
0754|69
0755|07
0756|42
0757|77
0758|15
0759|50
0760|88
0761|26
0762|61
0763|96
0764|34
0765|69
0766|07
0767|42
0768|77
0769|15
0770|53
0771|88
0772|26
0773|61
0774|96
0775|34
0776|69
0777|07
0778|42
0779|77
0780|18
0781|53
0782|88
0783|26
0784|61
0785|96
0786|34
0787|69
0788|07
0789|42
0790|80
0791|18
0792|53
0793|88
0794|26
0795|61
0796|96
0797|34
0798|69
0799|07
0800|08
0801|43
0802|78
0803|16
0804|51
0805|86
0806|24
0807|59
0808|94
0809|32
0810|70
0811|08
0812|43
0813|78
0814|16
0815|51
0816|86
0817|24
0818|59
0819|94
0820|35
0821|70
0822|08
0823|43
0824|78
0825|16
0826|51
0827|86
0828|24
0829|59
0830|97
0831|35
0832|70
0833|08
0834|43
0835|78
0836|16
0837|51
0838|86
0839|24
0840|62
0841|97
0842|35
0843|70
0844|08
0845|43
0846|78
0847|16
0848|51
0849|86
0850|27
0851|62
0852|97
0853|35
0854|70
0855|08
0856|43
0857|78
0858|16
0859|51
0860|89
0861|27
0862|62
0863|97
0864|35
0865|70
0866|08
0867|43
0868|78
0869|16
0870|54
0871|89
0872|27
0873|62
0874|97
0875|35
0876|70
0877|08
0878|43
0879|78
0880|19
0881|54
0882|89
0883|27
0884|62
0885|97
0886|35
0887|70
0888|08
0889|43
0890|81
0891|19
0892|54
0893|89
0894|27
0895|62
0896|97
0897|35
0898|70
0899|08
0900|09
0901|44
0902|79
0903|17
0904|52
0905|87
0906|25
0907|60
0908|95
0909|33
0910|71
0911|09
0912|44
0913|79
0914|17
0915|52
0916|87
0917|25
0918|60
0919|95
0920|36
0921|71
0922|09
0923|44
0924|79
0925|17
0926|52
0927|87
0928|25
0929|60
0930|98
0931|36
0932|71
0933|09
0934|44
0935|79
0936|17
0937|52
0938|87
0939|25
0940|63
0941|98
0942|36
0943|71
0944|09
0945|44
0946|79
0947|17
0948|52
0949|87
0950|28
0951|63
0952|98
0953|36
0954|71
0955|09
0956|44
0957|79
0958|17
0959|52
0960|90
0961|28
0962|63
0963|98
0964|36
0965|71
0966|09
0967|44
0968|79
0969|17
0970|55
0971|90
0972|28
0973|63
0974|98
0975|36
0976|71
0977|09
0978|44
0979|79
0980|20
0981|55
0982|90
0983|28
0984|63
0985|98
0986|36
0987|71
0988|09
0989|44
0990|82
0991|20
0992|55
0993|90
0994|28
0995|63
0996|98
0997|36
0998|71
0999|09
1000|10
1001|45
1002|80
1003|18
1004|53
1005|88
1006|26
1007|61
1008|96
1009|34
1010|72
1011|10
1012|45
1013|80
1014|18
1015|53
1016|88
1017|26
1018|61
1019|96
1020|37
1021|72
1022|10
1023|45
1024|80
1025|18
1026|53
1027|88
1028|26
1029|61
1030|02
1031|37
1032|72
1033|10
1034|45
1035|80
1036|18
1037|53
1038|88
1039|26
1040|64
1041|02
1042|37
1043|72
1044|10
1045|45
1046|80
1047|18
1048|53
1049|88
1050|29
1051|64
1052|02
1053|37
1054|72
1055|10
1056|45
1057|80
1058|18
1059|53
1060|91
1061|29
1062|64
1063|02
1064|37
1065|72
1066|10
1067|45
1068|80
1069|18
1070|56
1071|91
1072|29
1073|64
1074|02
1075|37
1076|72
1077|10
1078|45
1079|80
1080|21
1081|56
1082|91
1083|29
1084|64
1085|02
1086|37
1087|72
1088|10
1089|45
1090|83
1091|21
1092|56
1093|91
1094|29
1095|64
1096|02
1097|37
1098|72
1099|10
1100|11
1101|46
1102|81
1103|19
1104|54
1105|89
1106|27
1107|62
1108|97
1109|35
1110|73
1111|11
1112|46
1113|81
1114|19
1115|54
1116|89
1117|27
1118|62
1119|97
1120|38
1121|73
1122|11
1123|46
1124|81
1125|19
1126|54
1127|89
1128|27
1129|62
1130|03
1131|38
1132|73
1133|11
1134|46
1135|81
1136|19
1137|54
1138|89
1139|27
1140|65
1141|03
1142|38
1143|73
1144|11
1145|46
1146|81
1147|19
1148|54
1149|89
1150|30
1151|65
1152|03
1153|38
1154|73
1155|11
1156|46
1157|81
1158|19
1159|54
1160|92
1161|30
1162|65
1163|03
1164|38
1165|73
1166|11
1167|46
1168|81
1169|19
1170|57
1171|92
1172|30
1173|65
1174|03
1175|38
1176|73
1177|11
1178|46
1179|81
1180|22
1181|57
1182|92
1183|30
1184|65
1185|03
1186|38
1187|73
1188|11
1189|46
1190|84
1191|22
1192|57
1193|92
1194|30
1195|65
1196|03
1197|38
1198|73
1199|11
1200|12
1201|47
1202|82
1203|20
1204|55
1205|90
1206|28
1207|63
1208|98
1209|36
1210|74
1211|12
1212|47
1213|82
1214|20
1215|55
1216|90
1217|28
1218|63
1219|98
1220|39
1221|74
1222|12
1223|47
1224|82
1225|20
1226|55
1227|90
1228|28
1229|63
1230|04
1231|39
1232|74
1233|12
1234|47
1235|82
1236|20
1237|55
1238|90
1239|28
1240|66
1241|04
1242|39
1243|74
1244|12
1245|47
1246|82
1247|20
1248|55
1249|90
1250|31
1251|66
1252|04
1253|39
1254|74
1255|12
1256|47
1257|82
1258|20
1259|55
1260|93
1261|31
1262|66
1263|04
1264|39
1265|74
1266|12
1267|47
1268|82
1269|20
1270|58
1271|93
1272|31
1273|66
1274|04
1275|39
1276|74
1277|12
1278|47
1279|82
1280|23
1281|58
1282|93
1283|31
1284|66
1285|04
1286|39
1287|74
1288|12
1289|47
1290|85
1291|23
1292|58
1293|93
1294|31
1295|66
1296|04
1297|39
1298|74
1299|12
1300|13
1301|48
1302|83
1303|21
1304|56
1305|91
1306|29
1307|64
1308|02
1309|37
1310|75
1311|13
1312|48
1313|83
1314|21
1315|56
1316|91
1317|29
1318|64
1319|02
1320|40
1321|75
1322|13
1323|48
1324|83
1325|21
1326|56
1327|91
1328|29
1329|64
1330|05
1331|40
1332|75
1333|13
1334|48
1335|83
1336|21
1337|56
1338|91
1339|29
1340|67
1341|05
1342|40
1343|75
1344|13
1345|48
1346|83
1347|21
1348|56
1349|91
1350|32
1351|67
1352|05
1353|40
1354|75
1355|13
1356|48
1357|83
1358|21
1359|56
1360|94
1361|32
1362|67
1363|05
1364|40
1365|75
1366|13
1367|48
1368|83
1369|21
1370|59
1371|94
1372|32
1373|67
1374|05
1375|40
1376|75
1377|13
1378|48
1379|83
1380|24
1381|59
1382|94
1383|32
1384|67
1385|05
1386|40
1387|75
1388|13
1389|48
1390|86
1391|24
1392|59
1393|94
1394|32
1395|67
1396|05
1397|40
1398|75
1399|13
1400|14
1401|49
1402|84
1403|22
1404|57
1405|92
1406|30
1407|65
1408|03
1409|38
1410|76
1411|14
1412|49
1413|84
1414|22
1415|57
1416|92
1417|30
1418|65
1419|03
1420|41
1421|76
1422|14
1423|49
1424|84
1425|22
1426|57
1427|92
1428|30
1429|65
1430|06
1431|41
1432|76
1433|14
1434|49
1435|84
1436|22
1437|57
1438|92
1439|30
1440|68
1441|06
1442|41
1443|76
1444|14
1445|49
1446|84
1447|22
1448|57
1449|92
1450|33
1451|68
1452|06
1453|41
1454|76
1455|14
1456|49
1457|84
1458|22
1459|57
1460|95
1461|33
1462|68
1463|06
1464|41
1465|76
1466|14
1467|49
1468|84
1469|22
1470|60
1471|95
1472|33
1473|68
1474|06
1475|41
1476|76
1477|14
1478|49
1479|84
1480|25
1481|60
1482|95
1483|33
1484|68
1485|06
1486|41
1487|76
1488|14
1489|49
1490|87
1491|25
1492|60
1493|95
1494|33
1495|68
1496|06
1497|41
1498|76
1499|14
1500|15
1501|50
1502|85
1503|23
1504|58
1505|93
1506|31
1507|66
1508|04
1509|39
1510|77
1511|15
1512|50
1513|85
1514|23
1515|58
1516|93
1517|31
1518|66
1519|04
1520|42
1521|77
1522|15
1523|50
1524|85
1525|23
1526|58
1527|93
1528|31
1529|66
1530|07
1531|42
1532|77
1533|15
1534|50
1535|85
1536|23
1537|58
1538|93
1539|31
1540|69
1541|07
1542|42
1543|77
1544|15
1545|50
1546|85
1547|23
1548|58
1549|93
1550|34
1551|69
1552|07
1553|42
1554|77
1555|15
1556|50
1557|85
1558|23
1559|58
1560|96
1561|34
1562|69
1563|07
1564|42
1565|77
1566|15
1567|50
1568|85
1569|23
1570|61
1571|96
1572|34
1573|69
1574|07
1575|42
1576|77
1577|15
1578|50
1579|85
1580|26
1581|61
1582|96
1583|34
1584|69
1585|07
1586|42
1587|77
1588|15
1589|50
1590|88
1591|26
1592|61
1593|96
1594|34
1595|69
1596|07
1597|42
1598|77
1599|15
1600|16
1601|51
1602|86
1603|24
1604|59
1605|94
1606|32
1607|67
1608|05
1609|40
1610|78
1611|16
1612|51
1613|86
1614|24
1615|59
1616|94
1617|32
1618|67
1619|05
1620|43
1621|78
1622|16
1623|51
1624|86
1625|24
1626|59
1627|94
1628|32
1629|67
1630|08
1631|43
1632|78
1633|16
1634|51
1635|86
1636|24
1637|59
1638|94
1639|32
1640|70
1641|08
1642|43
1643|78
1644|16
1645|51
1646|86
1647|24
1648|59
1649|94
1650|35
1651|70
1652|08
1653|43
1654|78
1655|16
1656|51
1657|86
1658|24
1659|59
1660|97
1661|35
1662|70
1663|08
1664|43
1665|78
1666|16
1667|51
1668|86
1669|24
1670|62
1671|97
1672|35
1673|70
1674|08
1675|43
1676|78
1677|16
1678|51
1679|86
1680|27
1681|62
1682|97
1683|35
1684|70
1685|08
1686|43
1687|78
1688|16
1689|51
1690|89
1691|27
1692|62
1693|97
1694|35
1695|70
1696|08
1697|43
1698|78
1699|16
1700|17
1701|52
1702|87
1703|25
1704|60
1705|95
1706|33
1707|68
1708|06
1709|41
1710|79
1711|17
1712|52
1713|87
1714|25
1715|60
1716|95
1717|33
1718|68
1719|06
1720|44
1721|79
1722|17
1723|52
1724|87
1725|25
1726|60
1727|95
1728|33
1729|68
1730|09
1731|44
1732|79
1733|17
1734|52
1735|87
1736|25
1737|60
1738|95
1739|33
1740|71
1741|09
1742|44
1743|79
1744|17
1745|52
1746|87
1747|25
1748|60
1749|95
1750|36
1751|71
1752|09
1753|44
1754|79
1755|17
1756|52
1757|87
1758|25
1759|60
1760|98
1761|36
1762|71
1763|09
1764|44
1765|79
1766|17
1767|52
1768|87
1769|25
1770|63
1771|98
1772|36
1773|71
1774|09
1775|44
1776|79
1777|17
1778|52
1779|87
1780|28
1781|63
1782|98
1783|36
1784|71
1785|09
1786|44
1787|79
1788|17
1789|52
1790|90
1791|28
1792|63
1793|98
1794|36
1795|71
1796|09
1797|44
1798|79
1799|17
1800|18
1801|53
1802|88
1803|26
1804|61
1805|96
1806|34
1807|69
1808|07
1809|42
1810|80
1811|18
1812|53
1813|88
1814|26
1815|61
1816|96
1817|34
1818|69
1819|07
1820|45
1821|80
1822|18
1823|53
1824|88
1825|26
1826|61
1827|96
1828|34
1829|69
1830|10
1831|45
1832|80
1833|18
1834|53
1835|88
1836|26
1837|61
1838|96
1839|34
1840|72
1841|10
1842|45
1843|80
1844|18
1845|53
1846|88
1847|26
1848|61
1849|96
1850|37
1851|72
1852|10
1853|45
1854|80
1855|18
1856|53
1857|88
1858|26
1859|61
1860|02
1861|37
1862|72
1863|10
1864|45
1865|80
1866|18
1867|53
1868|88
1869|26
1870|64
1871|02
1872|37
1873|72
1874|10
1875|45
1876|80
1877|18
1878|53
1879|88
1880|29
1881|64
1882|02
1883|37
1884|72
1885|10
1886|45
1887|80
1888|18
1889|53
1890|91
1891|29
1892|64
1893|02
1894|37
1895|72
1896|10
1897|45
1898|80
1899|18
1900|19
1901|54
1902|89
1903|27
1904|62
1905|97
1906|35
1907|70
1908|08
1909|43
1910|81
1911|19
1912|54
1913|89
1914|27
1915|62
1916|97
1917|35
1918|70
1919|08
1920|46
1921|81
1922|19
1923|54
1924|89
1925|27
1926|62
1927|97
1928|35
1929|70
1930|11
1931|46
1932|81
1933|19
1934|54
1935|89
1936|27
1937|62
1938|97
1939|35
1940|73
1941|11
1942|46
1943|81
1944|19
1945|54
1946|89
1947|27
1948|62
1949|97
1950|38
1951|73
1952|11
1953|46
1954|81
1955|19
1956|54
1957|89
1958|27
1959|62
1960|03
1961|38
1962|73
1963|11
1964|46
1965|81
1966|19
1967|54
1968|89
1969|27
1970|65
1971|03
1972|38
1973|73
1974|11
1975|46
1976|81
1977|19
1978|54
1979|89
1980|30
1981|65
1982|03
1983|38
1984|73
1985|11
1986|46
1987|81
1988|19
1989|54
1990|92
1991|30
1992|65
1993|03
1994|38
1995|73
1996|11
1997|46
1998|81
1999|19
2000|20
2001|55
2002|90
2003|28
2004|63
2005|98
2006|36
2007|71
2008|09
2009|44
2010|82
2011|20
2012|55
2013|90
2014|28
2015|63
2016|98
2017|36
2018|71
2019|09
2020|47
2021|82
2022|20
2023|55
2024|90
2025|28
2026|63
2027|98
2028|36
2029|71
2030|12
2031|47
2032|82
2033|20
2034|55
2035|90
2036|28
2037|63
2038|98
2039|36
2040|74
2041|12
2042|47
2043|82
2044|20
2045|55
2046|90
2047|28
2048|63
2049|98
2050|39
2051|74
2052|12
2053|47
2054|82
2055|20
2056|55
2057|90
2058|28
2059|63
2060|04
2061|39
2062|74
2063|12
2064|47
2065|82
2066|20
2067|55
2068|90
2069|28
2070|66
2071|04
2072|39
2073|74
2074|12
2075|47
2076|82
2077|20
2078|55
2079|90
2080|31
2081|66
2082|04
2083|39
2084|74
2085|12
2086|47
2087|82
2088|20
2089|55
2090|93
2091|31
2092|66
2093|04
2094|39
2095|74
2096|12
2097|47
2098|82
2099|20
2100|21
2101|56
2102|91
2103|29
2104|64
2105|02
2106|37
2107|72
2108|10
2109|45
2110|83
2111|21
2112|56
2113|91
2114|29
2115|64
2116|02
2117|37
2118|72
2119|10
2120|48
2121|83
2122|21
2123|56
2124|91
2125|29
2126|64
2127|02
2128|37
2129|72
2130|13
2131|48
2132|83
2133|21
2134|56
2135|91
2136|29
2137|64
2138|02
2139|37
2140|75
2141|13
2142|48
2143|83
2144|21
2145|56
2146|91
2147|29
2148|64
2149|02
2150|40
2151|75
2152|13
2153|48
2154|83
2155|21
2156|56
2157|91
2158|29
2159|64
2160|05
2161|40
2162|75
2163|13
2164|48
2165|83
2166|21
2167|56
2168|91
2169|29
2170|67
2171|05
2172|40
2173|75
2174|13
2175|48
2176|83
2177|21
2178|56
2179|91
2180|32
2181|67
2182|05
2183|40
2184|75
2185|13
2186|48
2187|83
2188|21
2189|56
2190|94
2191|32
2192|67
2193|05
2194|40
2195|75
2196|13
2197|48
2198|83
2199|21
2200|22
2201|57
2202|92
2203|30
2204|65
2205|03
2206|38
2207|73
2208|11
2209|46
2210|84
2211|22
2212|57
2213|92
2214|30
2215|65
2216|03
2217|38
2218|73
2219|11
2220|49
2221|84
2222|22
2223|57
2224|92
2225|30
2226|65
2227|03
2228|38
2229|73
2230|14
2231|49
2232|84
2233|22
2234|57
2235|92
2236|30
2237|65
2238|03
2239|38
2240|76
2241|14
2242|49
2243|84
2244|22
2245|57
2246|92
2247|30
2248|65
2249|03
2250|41
2251|76
2252|14
2253|49
2254|84
2255|22
2256|57
2257|92
2258|30
2259|65
2260|06
2261|41
2262|76
2263|14
2264|49
2265|84
2266|22
2267|57
2268|92
2269|30
2270|68
2271|06
2272|41
2273|76
2274|14
2275|49
2276|84
2277|22
2278|57
2279|92
2280|33
2281|68
2282|06
2283|41
2284|76
2285|14
2286|49
2287|84
2288|22
2289|57
2290|95
2291|33
2292|68
2293|06
2294|41
2295|76
2296|14
2297|49
2298|84
2299|22
2300|23
2301|58
2302|93
2303|31
2304|66
2305|04
2306|39
2307|74
2308|12
2309|47
2310|85
2311|23
2312|58
2313|93
2314|31
2315|66
2316|04
2317|39
2318|74
2319|12
2320|50
2321|85
2322|23
2323|58
2324|93
2325|31
2326|66
2327|04
2328|39
2329|74
2330|15
2331|50
2332|85
2333|23
2334|58
2335|93
2336|31
2337|66
2338|04
2339|39
2340|77
2341|15
2342|50
2343|85
2344|23
2345|58
2346|93
2347|31
2348|66
2349|04
2350|42
2351|77
2352|15
2353|50
2354|85
2355|23
2356|58
2357|93
2358|31
2359|66
2360|07
2361|42
2362|77
2363|15
2364|50
2365|85
2366|23
2367|58
2368|93
2369|31
2370|69
2371|07
2372|42
2373|77
2374|15
2375|50
2376|85
2377|23
2378|58
2379|93
2380|34
2381|69
2382|07
2383|42
2384|77
2385|15
2386|50
2387|85
2388|23
2389|58
2390|96
2391|34
2392|69
2393|07
2394|42
2395|77
2396|15
2397|50
2398|85
2399|23
2400|24
2401|59
2402|94
2403|32
2404|67
2405|05
2406|40
2407|75
2408|13
2409|48
2410|86
2411|24
2412|59
2413|94
2414|32
2415|67
2416|05
2417|40
2418|75
2419|13
2420|51
2421|86
2422|24
2423|59
2424|94
2425|32
2426|67
2427|05
2428|40
2429|75
2430|16
2431|51
2432|86
2433|24
2434|59
2435|94
2436|32
2437|67
2438|05
2439|40
2440|78
2441|16
2442|51
2443|86
2444|24
2445|59
2446|94
2447|32
2448|67
2449|05
2450|43
2451|78
2452|16
2453|51
2454|86
2455|24
2456|59
2457|94
2458|32
2459|67
2460|08
2461|43
2462|78
2463|16
2464|51
2465|86
2466|24
2467|59
2468|94
2469|32
2470|70
2471|08
2472|43
2473|78
2474|16
2475|51
2476|86
2477|24
2478|59
2479|94
2480|35
2481|70
2482|08
2483|43
2484|78
2485|16
2486|51
2487|86
2488|24
2489|59
2490|97
2491|35
2492|70
2493|08
2494|43
2495|78
2496|16
2497|51
2498|86
2499|24
2500|25
2501|60
2502|95
2503|33
2504|68
2505|06
2506|41
2507|76
2508|14
2509|49
2510|87
2511|25
2512|60
2513|95
2514|33
2515|68
2516|06
2517|41
2518|76
2519|14
2520|52
2521|87
2522|25
2523|60
2524|95
2525|33
2526|68
2527|06
2528|41
2529|76
2530|17
2531|52
2532|87
2533|25
2534|60
2535|95
2536|33
2537|68
2538|06
2539|41
2540|79
2541|17
2542|52
2543|87
2544|25
2545|60
2546|95
2547|33
2548|68
2549|06
2550|44
2551|79
2552|17
2553|52
2554|87
2555|25
2556|60
2557|95
2558|33
2559|68
2560|09
2561|44
2562|79
2563|17
2564|52
2565|87
2566|25
2567|60
2568|95
2569|33
2570|71
2571|09
2572|44
2573|79
2574|17
2575|52
2576|87
2577|25
2578|60
2579|95
2580|36
2581|71
2582|09
2583|44
2584|79
2585|17
2586|52
2587|87
2588|25
2589|60
2590|98
2591|36
2592|71
2593|09
2594|44
2595|79
2596|17
2597|52
2598|87
2599|25
2600|26
2601|61
2602|96
2603|34
2604|69
2605|07
2606|42
2607|77
2608|15
2609|50
2610|88
2611|26
2612|61
2613|96
2614|34
2615|69
2616|07
2617|42
2618|77
2619|15
2620|53
2621|88
2622|26
2623|61
2624|96
2625|34
2626|69
2627|07
2628|42
2629|77
2630|18
2631|53
2632|88
2633|26
2634|61
2635|96
2636|34
2637|69
2638|07
2639|42
2640|80
2641|18
2642|53
2643|88
2644|26
2645|61
2646|96
2647|34
2648|69
2649|07
2650|45
2651|80
2652|18
2653|53
2654|88
2655|26
2656|61
2657|96
2658|34
2659|69
2660|10
2661|45
2662|80
2663|18
2664|53
2665|88
2666|26
2667|61
2668|96
2669|34
2670|72
2671|10
2672|45
2673|80
2674|18
2675|53
2676|88
2677|26
2678|61
2679|96
2680|37
2681|72
2682|10
2683|45
2684|80
2685|18
2686|53
2687|88
2688|26
2689|61
2690|02
2691|37
2692|72
2693|10
2694|45
2695|80
2696|18
2697|53
2698|88
2699|26
2700|27
2701|62
2702|97
2703|35
2704|70
2705|08
2706|43
2707|78
2708|16
2709|51
2710|89
2711|27
2712|62
2713|97
2714|35
2715|70
2716|08
2717|43
2718|78
2719|16
2720|54
2721|89
2722|27
2723|62
2724|97
2725|35
2726|70
2727|08
2728|43
2729|78
2730|19
2731|54
2732|89
2733|27
2734|62
2735|97
2736|35
2737|70
2738|08
2739|43
2740|81
2741|19
2742|54
2743|89
2744|27
2745|62
2746|97
2747|35
2748|70
2749|08
2750|46
2751|81
2752|19
2753|54
2754|89
2755|27
2756|62
2757|97
2758|35
2759|70
2760|11
2761|46
2762|81
2763|19
2764|54
2765|89
2766|27
2767|62
2768|97
2769|35
2770|73
2771|11
2772|46
2773|81
2774|19
2775|54
2776|89
2777|27
2778|62
2779|97
2780|38
2781|73
2782|11
2783|46
2784|81
2785|19
2786|54
2787|89
2788|27
2789|62
2790|03
2791|38
2792|73
2793|11
2794|46
2795|81
2796|19
2797|54
2798|89
2799|27
2800|28
2801|63
2802|98
2803|36
2804|71
2805|09
2806|44
2807|79
2808|17
2809|52
2810|90
2811|28
2812|63
2813|98
2814|36
2815|71
2816|09
2817|44
2818|79
2819|17
2820|55
2821|90
2822|28
2823|63
2824|98
2825|36
2826|71
2827|09
2828|44
2829|79
2830|20
2831|55
2832|90
2833|28
2834|63
2835|98
2836|36
2837|71
2838|09
2839|44
2840|82
2841|20
2842|55
2843|90
2844|28
2845|63
2846|98
2847|36
2848|71
2849|09
2850|47
2851|82
2852|20
2853|55
2854|90
2855|28
2856|63
2857|98
2858|36
2859|71
2860|12
2861|47
2862|82
2863|20
2864|55
2865|90
2866|28
2867|63
2868|98
2869|36
2870|74
2871|12
2872|47
2873|82
2874|20
2875|55
2876|90
2877|28
2878|63
2879|98
2880|39
2881|74
2882|12
2883|47
2884|82
2885|20
2886|55
2887|90
2888|28
2889|63
2890|04
2891|39
2892|74
2893|12
2894|47
2895|82
2896|20
2897|55
2898|90
2899|28
2900|29
2901|64
2902|02
2903|37
2904|72
2905|10
2906|45
2907|80
2908|18
2909|53
2910|91
2911|29
2912|64
2913|02
2914|37
2915|72
2916|10
2917|45
2918|80
2919|18
2920|56
2921|91
2922|29
2923|64
2924|02
2925|37
2926|72
2927|10
2928|45
2929|80
2930|21
2931|56
2932|91
2933|29
2934|64
2935|02
2936|37
2937|72
2938|10
2939|45
2940|83
2941|21
2942|56
2943|91
2944|29
2945|64
2946|02
2947|37
2948|72
2949|10
2950|48
2951|83
2952|21
2953|56
2954|91
2955|29
2956|64
2957|02
2958|37
2959|72
2960|13
2961|48
2962|83
2963|21
2964|56
2965|91
2966|29
2967|64
2968|02
2969|37
2970|75
2971|13
2972|48
2973|83
2974|21
2975|56
2976|91
2977|29
2978|64
2979|02
2980|40
2981|75
2982|13
2983|48
2984|83
2985|21
2986|56
2987|91
2988|29
2989|64
2990|05
2991|40
2992|75
2993|13
2994|48
2995|83
2996|21
2997|56
2998|91
2999|29
3000|30
3001|65
3002|03
3003|38
3004|73
3005|11
3006|46
3007|81
3008|19
3009|54
3010|92
3011|30
3012|65
3013|03
3014|38
3015|73
3016|11
3017|46
3018|81
3019|19
3020|57
3021|92
3022|30
3023|65
3024|03
3025|38
3026|73
3027|11
3028|46
3029|81
3030|22
3031|57
3032|92
3033|30
3034|65
3035|03
3036|38
3037|73
3038|11
3039|46
3040|84
3041|22
3042|57
3043|92
3044|30
3045|65
3046|03
3047|38
3048|73
3049|11
3050|49
3051|84
3052|22
3053|57
3054|92
3055|30
3056|65
3057|03
3058|38
3059|73
3060|14
3061|49
3062|84
3063|22
3064|57
3065|92
3066|30
3067|65
3068|03
3069|38
3070|76
3071|14
3072|49
3073|84
3074|22
3075|57
3076|92
3077|30
3078|65
3079|03
3080|41
3081|76
3082|14
3083|49
3084|84
3085|22
3086|57
3087|92
3088|30
3089|65
3090|06
3091|41
3092|76
3093|14
3094|49
3095|84
3096|22
3097|57
3098|92
3099|30
3100|31
3101|66
3102|04
3103|39
3104|74
3105|12
3106|47
3107|82
3108|20
3109|55
3110|93
3111|31
3112|66
3113|04
3114|39
3115|74
3116|12
3117|47
3118|82
3119|20
3120|58
3121|93
3122|31
3123|66
3124|04
3125|39
3126|74
3127|12
3128|47
3129|82
3130|23
3131|58
3132|93
3133|31
3134|66
3135|04
3136|39
3137|74
3138|12
3139|47
3140|85
3141|23
3142|58
3143|93
3144|31
3145|66
3146|04
3147|39
3148|74
3149|12
3150|50
3151|85
3152|23
3153|58
3154|93
3155|31
3156|66
3157|04
3158|39
3159|74
3160|15
3161|50
3162|85
3163|23
3164|58
3165|93
3166|31
3167|66
3168|04
3169|39
3170|77
3171|15
3172|50
3173|85
3174|23
3175|58
3176|93
3177|31
3178|66
3179|04
3180|42
3181|77
3182|15
3183|50
3184|85
3185|23
3186|58
3187|93
3188|31
3189|66
3190|07
3191|42
3192|77
3193|15
3194|50
3195|85
3196|23
3197|58
3198|93
3199|31
3200|32
3201|67
3202|05
3203|40
3204|75
3205|13
3206|48
3207|83
3208|21
3209|56
3210|94
3211|32
3212|67
3213|05
3214|40
3215|75
3216|13
3217|48
3218|83
3219|21
3220|59
3221|94
3222|32
3223|67
3224|05
3225|40
3226|75
3227|13
3228|48
3229|83
3230|24
3231|59
3232|94
3233|32
3234|67
3235|05
3236|40
3237|75
3238|13
3239|48
3240|86
3241|24
3242|59
3243|94
3244|32
3245|67
3246|05
3247|40
3248|75
3249|13
3250|51
3251|86
3252|24
3253|59
3254|94
3255|32
3256|67
3257|05
3258|40
3259|75
3260|16
3261|51
3262|86
3263|24
3264|59
3265|94
3266|32
3267|67
3268|05
3269|40
3270|78
3271|16
3272|51
3273|86
3274|24
3275|59
3276|94
3277|32
3278|67
3279|05
3280|43
3281|78
3282|16
3283|51
3284|86
3285|24
3286|59
3287|94
3288|32
3289|67
3290|08
3291|43
3292|78
3293|16
3294|51
3295|86
3296|24
3297|59
3298|94
3299|32
3300|33
3301|68
3302|06
3303|41
3304|76
3305|14
3306|49
3307|84
3308|22
3309|57
3310|95
3311|33
3312|68
3313|06
3314|41
3315|76
3316|14
3317|49
3318|84
3319|22
3320|60
3321|95
3322|33
3323|68
3324|06
3325|41
3326|76
3327|14
3328|49
3329|84
3330|25
3331|60
3332|95
3333|33
3334|68
3335|06
3336|41
3337|76
3338|14
3339|49
3340|87
3341|25
3342|60
3343|95
3344|33
3345|68
3346|06
3347|41
3348|76
3349|14
3350|52
3351|87
3352|25
3353|60
3354|95
3355|33
3356|68
3357|06
3358|41
3359|76
3360|17
3361|52
3362|87
3363|25
3364|60
3365|95
3366|33
3367|68
3368|06
3369|41
3370|79
3371|17
3372|52
3373|87
3374|25
3375|60
3376|95
3377|33
3378|68
3379|06
3380|44
3381|79
3382|17
3383|52
3384|87
3385|25
3386|60
3387|95
3388|33
3389|68
3390|09
3391|44
3392|79
3393|17
3394|52
3395|87
3396|25
3397|60
3398|95
3399|33
3400|34
3401|69
3402|07
3403|42
3404|77
3405|15
3406|50
3407|85
3408|23
3409|58
3410|96
3411|34
3412|69
3413|07
3414|42
3415|77
3416|15
3417|50
3418|85
3419|23
3420|61
3421|96
3422|34
3423|69
3424|07
3425|42
3426|77
3427|15
3428|50
3429|85
3430|26
3431|61
3432|96
3433|34
3434|69
3435|07
3436|42
3437|77
3438|15
3439|50
3440|88
3441|26
3442|61
3443|96
3444|34
3445|69
3446|07
3447|42
3448|77
3449|15
3450|53
3451|88
3452|26
3453|61
3454|96
3455|34
3456|69
3457|07
3458|42
3459|77
3460|18
3461|53
3462|88
3463|26
3464|61
3465|96
3466|34
3467|69
3468|07
3469|42
3470|80
3471|18
3472|53
3473|88
3474|26
3475|61
3476|96
3477|34
3478|69
3479|07
3480|45
3481|80
3482|18
3483|53
3484|88
3485|26
3486|61
3487|96
3488|34
3489|69
3490|10
3491|45
3492|80
3493|18
3494|53
3495|88
3496|26
3497|61
3498|96
3499|34
3500|35
3501|70
3502|08
3503|43
3504|78
3505|16
3506|51
3507|86
3508|24
3509|59
3510|97
3511|35
3512|70
3513|08
3514|43
3515|78
3516|16
3517|51
3518|86
3519|24
3520|62
3521|97
3522|35
3523|70
3524|08
3525|43
3526|78
3527|16
3528|51
3529|86
3530|27
3531|62
3532|97
3533|35
3534|70
3535|08
3536|43
3537|78
3538|16
3539|51
3540|89
3541|27
3542|62
3543|97
3544|35
3545|70
3546|08
3547|43
3548|78
3549|16
3550|54
3551|89
3552|27
3553|62
3554|97
3555|35
3556|70
3557|08
3558|43
3559|78
3560|19
3561|54
3562|89
3563|27
3564|62
3565|97
3566|35
3567|70
3568|08
3569|43
3570|81
3571|19
3572|54
3573|89
3574|27
3575|62
3576|97
3577|35
3578|70
3579|08
3580|46
3581|81
3582|19
3583|54
3584|89
3585|27
3586|62
3587|97
3588|35
3589|70
3590|11
3591|46
3592|81
3593|19
3594|54
3595|89
3596|27
3597|62
3598|97
3599|35
3600|36
3601|71
3602|09
3603|44
3604|79
3605|17
3606|52
3607|87
3608|25
3609|60
3610|98
3611|36
3612|71
3613|09
3614|44
3615|79
3616|17
3617|52
3618|87
3619|25
3620|63
3621|98
3622|36
3623|71
3624|09
3625|44
3626|79
3627|17
3628|52
3629|87
3630|28
3631|63
3632|98
3633|36
3634|71
3635|09
3636|44
3637|79
3638|17
3639|52
3640|90
3641|28
3642|63
3643|98
3644|36
3645|71
3646|09
3647|44
3648|79
3649|17
3650|55
3651|90
3652|28
3653|63
3654|98
3655|36
3656|71
3657|09
3658|44
3659|79
3660|20
3661|55
3662|90
3663|28
3664|63
3665|98
3666|36
3667|71
3668|09
3669|44
3670|82
3671|20
3672|55
3673|90
3674|28
3675|63
3676|98
3677|36
3678|71
3679|09
3680|47
3681|82
3682|20
3683|55
3684|90
3685|28
3686|63
3687|98
3688|36
3689|71
3690|12
3691|47
3692|82
3693|20
3694|55
3695|90
3696|28
3697|63
3698|98
3699|36
3700|37
3701|72
3702|10
3703|45
3704|80
3705|18
3706|53
3707|88
3708|26
3709|61
3710|02
3711|37
3712|72
3713|10
3714|45
3715|80
3716|18
3717|53
3718|88
3719|26
3720|64
3721|02
3722|37
3723|72
3724|10
3725|45
3726|80
3727|18
3728|53
3729|88
3730|29
3731|64
3732|02
3733|37
3734|72
3735|10
3736|45
3737|80
3738|18
3739|53
3740|91
3741|29
3742|64
3743|02
3744|37
3745|72
3746|10
3747|45
3748|80
3749|18
3750|56
3751|91
3752|29
3753|64
3754|02
3755|37
3756|72
3757|10
3758|45
3759|80
3760|21
3761|56
3762|91
3763|29
3764|64
3765|02
3766|37
3767|72
3768|10
3769|45
3770|83
3771|21
3772|56
3773|91
3774|29
3775|64
3776|02
3777|37
3778|72
3779|10
3780|48
3781|83
3782|21
3783|56
3784|91
3785|29
3786|64
3787|02
3788|37
3789|72
3790|13
3791|48
3792|83
3793|21
3794|56
3795|91
3796|29
3797|64
3798|02
3799|37
3800|38
3801|73
3802|11
3803|46
3804|81
3805|19
3806|54
3807|89
3808|27
3809|62
3810|03
3811|38
3812|73
3813|11
3814|46
3815|81
3816|19
3817|54
3818|89
3819|27
3820|65
3821|03
3822|38
3823|73
3824|11
3825|46
3826|81
3827|19
3828|54
3829|89
3830|30
3831|65
3832|03
3833|38
3834|73
3835|11
3836|46
3837|81
3838|19
3839|54
3840|92
3841|30
3842|65
3843|03
3844|38
3845|73
3846|11
3847|46
3848|81
3849|19
3850|57
3851|92
3852|30
3853|65
3854|03
3855|38
3856|73
3857|11
3858|46
3859|81
3860|22
3861|57
3862|92
3863|30
3864|65
3865|03
3866|38
3867|73
3868|11
3869|46
3870|84
3871|22
3872|57
3873|92
3874|30
3875|65
3876|03
3877|38
3878|73
3879|11
3880|49
3881|84
3882|22
3883|57
3884|92
3885|30
3886|65
3887|03
3888|38
3889|73
3890|14
3891|49
3892|84
3893|22
3894|57
3895|92
3896|30
3897|65
3898|03
3899|38
3900|39
3901|74
3902|12
3903|47
3904|82
3905|20
3906|55
3907|90
3908|28
3909|63
3910|04
3911|39
3912|74
3913|12
3914|47
3915|82
3916|20
3917|55
3918|90
3919|28
3920|66
3921|04
3922|39
3923|74
3924|12
3925|47
3926|82
3927|20
3928|55
3929|90
3930|31
3931|66
3932|04
3933|39
3934|74
3935|12
3936|47
3937|82
3938|20
3939|55
3940|93
3941|31
3942|66
3943|04
3944|39
3945|74
3946|12
3947|47
3948|82
3949|20
3950|58
3951|93
3952|31
3953|66
3954|04
3955|39
3956|74
3957|12
3958|47
3959|82
3960|23
3961|58
3962|93
3963|31
3964|66
3965|04
3966|39
3967|74
3968|12
3969|47
3970|85
3971|23
3972|58
3973|93
3974|31
3975|66
3976|04
3977|39
3978|74
3979|12
3980|50
3981|85
3982|23
3983|58
3984|93
3985|31
3986|66
3987|04
3988|39
3989|74
3990|15
3991|50
3992|85
3993|23
3994|58
3995|93
3996|31
3997|66
3998|04
3999|39
4000|40
4001|75
4002|13
4003|48
4004|83
4005|21
4006|56
4007|91
4008|29
4009|64
4010|05
4011|40
4012|75
4013|13
4014|48
4015|83
4016|21
4017|56
4018|91
4019|29
4020|67
4021|05
4022|40
4023|75
4024|13
4025|48
4026|83
4027|21
4028|56
4029|91
4030|32
4031|67
4032|05
4033|40
4034|75
4035|13
4036|48
4037|83
4038|21
4039|56
4040|94
4041|32
4042|67
4043|05
4044|40
4045|75
4046|13
4047|48
4048|83
4049|21
4050|59
4051|94
4052|32
4053|67
4054|05
4055|40
4056|75
4057|13
4058|48
4059|83
4060|24
4061|59
4062|94
4063|32
4064|67
4065|05
4066|40
4067|75
4068|13
4069|48
4070|86
4071|24
4072|59
4073|94
4074|32
4075|67
4076|05
4077|40
4078|75
4079|13
4080|51
4081|86
4082|24
4083|59
4084|94
4085|32
4086|67
4087|05
4088|40
4089|75
4090|16
4091|51
4092|86
4093|24
4094|59
4095|94
4096|32
4097|67
4098|05
4099|40
4100|41
4101|76
4102|14
4103|49
4104|84
4105|22
4106|57
4107|92
4108|30
4109|65
4110|06
4111|41
4112|76
4113|14
4114|49
4115|84
4116|22
4117|57
4118|92
4119|30
4120|68
4121|06
4122|41
4123|76
4124|14
4125|49
4126|84
4127|22
4128|57
4129|92
4130|33
4131|68
4132|06
4133|41
4134|76
4135|14
4136|49
4137|84
4138|22
4139|57
4140|95
4141|33
4142|68
4143|06
4144|41
4145|76
4146|14
4147|49
4148|84
4149|22
4150|60
4151|95
4152|33
4153|68
4154|06
4155|41
4156|76
4157|14
4158|49
4159|84
4160|25
4161|60
4162|95
4163|33
4164|68
4165|06
4166|41
4167|76
4168|14
4169|49
4170|87
4171|25
4172|60
4173|95
4174|33
4175|68
4176|06
4177|41
4178|76
4179|14
4180|52
4181|87
4182|25
4183|60
4184|95
4185|33
4186|68
4187|06
4188|41
4189|76
4190|17
4191|52
4192|87
4193|25
4194|60
4195|95
4196|33
4197|68
4198|06
4199|41
4200|42
4201|77
4202|15
4203|50
4204|85
4205|23
4206|58
4207|93
4208|31
4209|66
4210|07
4211|42
4212|77
4213|15
4214|50
4215|85
4216|23
4217|58
4218|93
4219|31
4220|69
4221|07
4222|42
4223|77
4224|15
4225|50
4226|85
4227|23
4228|58
4229|93
4230|34
4231|69
4232|07
4233|42
4234|77
4235|15
4236|50
4237|85
4238|23
4239|58
4240|96
4241|34
4242|69
4243|07
4244|42
4245|77
4246|15
4247|50
4248|85
4249|23
4250|61
4251|96
4252|34
4253|69
4254|07
4255|42
4256|77
4257|15
4258|50
4259|85
4260|26
4261|61
4262|96
4263|34
4264|69
4265|07
4266|42
4267|77
4268|15
4269|50
4270|88
4271|26
4272|61
4273|96
4274|34
4275|69
4276|07
4277|42
4278|77
4279|15
4280|53
4281|88
4282|26
4283|61
4284|96
4285|34
4286|69
4287|07
4288|42
4289|77
4290|18
4291|53
4292|88
4293|26
4294|61
4295|96
4296|34
4297|69
4298|07
4299|42
4300|43
4301|78
4302|16
4303|51
4304|86
4305|24
4306|59
4307|94
4308|32
4309|67
4310|08
4311|43
4312|78
4313|16
4314|51
4315|86
4316|24
4317|59
4318|94
4319|32
4320|70
4321|08
4322|43
4323|78
4324|16
4325|51
4326|86
4327|24
4328|59
4329|94
4330|35
4331|70
4332|08
4333|43
4334|78
4335|16
4336|51
4337|86
4338|24
4339|59
4340|97
4341|35
4342|70
4343|08
4344|43
4345|78
4346|16
4347|51
4348|86
4349|24
4350|62
4351|97
4352|35
4353|70
4354|08
4355|43
4356|78
4357|16
4358|51
4359|86
4360|27
4361|62
4362|97
4363|35
4364|70
4365|08
4366|43
4367|78
4368|16
4369|51
4370|89
4371|27
4372|62
4373|97
4374|35
4375|70
4376|08
4377|43
4378|78
4379|16
4380|54
4381|89
4382|27
4383|62
4384|97
4385|35
4386|70
4387|08
4388|43
4389|78
4390|19
4391|54
4392|89
4393|27
4394|62
4395|97
4396|35
4397|70
4398|08
4399|43
4400|44
4401|79
4402|17
4403|52
4404|87
4405|25
4406|60
4407|95
4408|33
4409|68
4410|09
4411|44
4412|79
4413|17
4414|52
4415|87
4416|25
4417|60
4418|95
4419|33
4420|71
4421|09
4422|44
4423|79
4424|17
4425|52
4426|87
4427|25
4428|60
4429|95
4430|36
4431|71
4432|09
4433|44
4434|79
4435|17
4436|52
4437|87
4438|25
4439|60
4440|98
4441|36
4442|71
4443|09
4444|44
4445|79
4446|17
4447|52
4448|87
4449|25
4450|63
4451|98
4452|36
4453|71
4454|09
4455|44
4456|79
4457|17
4458|52
4459|87
4460|28
4461|63
4462|98
4463|36
4464|71
4465|09
4466|44
4467|79
4468|17
4469|52
4470|90
4471|28
4472|63
4473|98
4474|36
4475|71
4476|09
4477|44
4478|79
4479|17
4480|55
4481|90
4482|28
4483|63
4484|98
4485|36
4486|71
4487|09
4488|44
4489|79
4490|20
4491|55
4492|90
4493|28
4494|63
4495|98
4496|36
4497|71
4498|09
4499|44
4500|45
4501|80
4502|18
4503|53
4504|88
4505|26
4506|61
4507|96
4508|34
4509|69
4510|10
4511|45
4512|80
4513|18
4514|53
4515|88
4516|26
4517|61
4518|96
4519|34
4520|72
4521|10
4522|45
4523|80
4524|18
4525|53
4526|88
4527|26
4528|61
4529|96
4530|37
4531|72
4532|10
4533|45
4534|80
4535|18
4536|53
4537|88
4538|26
4539|61
4540|02
4541|37
4542|72
4543|10
4544|45
4545|80
4546|18
4547|53
4548|88
4549|26
4550|64
4551|02
4552|37
4553|72
4554|10
4555|45
4556|80
4557|18
4558|53
4559|88
4560|29
4561|64
4562|02
4563|37
4564|72
4565|10
4566|45
4567|80
4568|18
4569|53
4570|91
4571|29
4572|64
4573|02
4574|37
4575|72
4576|10
4577|45
4578|80
4579|18
4580|56
4581|91
4582|29
4583|64
4584|02
4585|37
4586|72
4587|10
4588|45
4589|80
4590|21
4591|56
4592|91
4593|29
4594|64
4595|02
4596|37
4597|72
4598|10
4599|45
4600|46
4601|81
4602|19
4603|54
4604|89
4605|27
4606|62
4607|97
4608|35
4609|70
4610|11
4611|46
4612|81
4613|19
4614|54
4615|89
4616|27
4617|62
4618|97
4619|35
4620|73
4621|11
4622|46
4623|81
4624|19
4625|54
4626|89
4627|27
4628|62
4629|97
4630|38
4631|73
4632|11
4633|46
4634|81
4635|19
4636|54
4637|89
4638|27
4639|62
4640|03
4641|38
4642|73
4643|11
4644|46
4645|81
4646|19
4647|54
4648|89
4649|27
4650|65
4651|03
4652|38
4653|73
4654|11
4655|46
4656|81
4657|19
4658|54
4659|89
4660|30
4661|65
4662|03
4663|38
4664|73
4665|11
4666|46
4667|81
4668|19
4669|54
4670|92
4671|30
4672|65
4673|03
4674|38
4675|73
4676|11
4677|46
4678|81
4679|19
4680|57
4681|92
4682|30
4683|65
4684|03
4685|38
4686|73
4687|11
4688|46
4689|81
4690|22
4691|57
4692|92
4693|30
4694|65
4695|03
4696|38
4697|73
4698|11
4699|46
4700|47
4701|82
4702|20
4703|55
4704|90
4705|28
4706|63
4707|98
4708|36
4709|71
4710|12
4711|47
4712|82
4713|20
4714|55
4715|90
4716|28
4717|63
4718|98
4719|36
4720|74
4721|12
4722|47
4723|82
4724|20
4725|55
4726|90
4727|28
4728|63
4729|98
4730|39
4731|74
4732|12
4733|47
4734|82
4735|20
4736|55
4737|90
4738|28
4739|63
4740|04
4741|39
4742|74
4743|12
4744|47
4745|82
4746|20
4747|55
4748|90
4749|28
4750|66
4751|04
4752|39
4753|74
4754|12
4755|47
4756|82
4757|20
4758|55
4759|90
4760|31
4761|66
4762|04
4763|39
4764|74
4765|12
4766|47
4767|82
4768|20
4769|55
4770|93
4771|31
4772|66
4773|04
4774|39
4775|74
4776|12
4777|47
4778|82
4779|20
4780|58
4781|93
4782|31
4783|66
4784|04
4785|39
4786|74
4787|12
4788|47
4789|82
4790|23
4791|58
4792|93
4793|31
4794|66
4795|04
4796|39
4797|74
4798|12
4799|47
4800|48
4801|83
4802|21
4803|56
4804|91
4805|29
4806|64
4807|02
4808|37
4809|72
4810|13
4811|48
4812|83
4813|21
4814|56
4815|91
4816|29
4817|64
4818|02
4819|37
4820|75
4821|13
4822|48
4823|83
4824|21
4825|56
4826|91
4827|29
4828|64
4829|02
4830|40
4831|75
4832|13
4833|48
4834|83
4835|21
4836|56
4837|91
4838|29
4839|64
4840|05
4841|40
4842|75
4843|13
4844|48
4845|83
4846|21
4847|56
4848|91
4849|29
4850|67
4851|05
4852|40
4853|75
4854|13
4855|48
4856|83
4857|21
4858|56
4859|91
4860|32
4861|67
4862|05
4863|40
4864|75
4865|13
4866|48
4867|83
4868|21
4869|56
4870|94
4871|32
4872|67
4873|05
4874|40
4875|75
4876|13
4877|48
4878|83
4879|21
4880|59
4881|94
4882|32
4883|67
4884|05
4885|40
4886|75
4887|13
4888|48
4889|83
4890|24
4891|59
4892|94
4893|32
4894|67
4895|05
4896|40
4897|75
4898|13
4899|48
4900|49
4901|84
4902|22
4903|57
4904|92
4905|30
4906|65
4907|03
4908|38
4909|73
4910|14
4911|49
4912|84
4913|22
4914|57
4915|92
4916|30
4917|65
4918|03
4919|38
4920|76
4921|14
4922|49
4923|84
4924|22
4925|57
4926|92
4927|30
4928|65
4929|03
4930|41
4931|76
4932|14
4933|49
4934|84
4935|22
4936|57
4937|92
4938|30
4939|65
4940|06
4941|41
4942|76
4943|14
4944|49
4945|84
4946|22
4947|57
4948|92
4949|30
4950|68
4951|06
4952|41
4953|76
4954|14
4955|49
4956|84
4957|22
4958|57
4959|92
4960|33
4961|68
4962|06
4963|41
4964|76
4965|14
4966|49
4967|84
4968|22
4969|57
4970|95
4971|33
4972|68
4973|06
4974|41
4975|76
4976|14
4977|49
4978|84
4979|22
4980|60
4981|95
4982|33
4983|68
4984|06
4985|41
4986|76
4987|14
4988|49
4989|84
4990|25
4991|60
4992|95
4993|33
4994|68
4995|06
4996|41
4997|76
4998|14
4999|49
5000|50
5001|85
5002|23
5003|58
5004|93
5005|31
5006|66
5007|04
5008|39
5009|74
5010|15
5011|50
5012|85
5013|23
5014|58
5015|93
5016|31
5017|66
5018|04
5019|39
5020|77
5021|15
5022|50
5023|85
5024|23
5025|58
5026|93
5027|31
5028|66
5029|04
5030|42
5031|77
5032|15
5033|50
5034|85
5035|23
5036|58
5037|93
5038|31
5039|66
5040|07
5041|42
5042|77
5043|15
5044|50
5045|85
5046|23
5047|58
5048|93
5049|31
5050|69
5051|07
5052|42
5053|77
5054|15
5055|50
5056|85
5057|23
5058|58
5059|93
5060|34
5061|69
5062|07
5063|42
5064|77
5065|15
5066|50
5067|85
5068|23
5069|58
5070|96
5071|34
5072|69
5073|07
5074|42
5075|77
5076|15
5077|50
5078|85
5079|23
5080|61
5081|96
5082|34
5083|69
5084|07
5085|42
5086|77
5087|15
5088|50
5089|85
5090|26
5091|61
5092|96
5093|34
5094|69
5095|07
5096|42
5097|77
5098|15
5099|50
5100|51
5101|86
5102|24
5103|59
5104|94
5105|32
5106|67
5107|05
5108|40
5109|75
5110|16
5111|51
5112|86
5113|24
5114|59
5115|94
5116|32
5117|67
5118|05
5119|40
5120|78
5121|16
5122|51
5123|86
5124|24
5125|59
5126|94
5127|32
5128|67
5129|05
5130|43
5131|78
5132|16
5133|51
5134|86
5135|24
5136|59
5137|94
5138|32
5139|67
5140|08
5141|43
5142|78
5143|16
5144|51
5145|86
5146|24
5147|59
5148|94
5149|32
5150|70
5151|08
5152|43
5153|78
5154|16
5155|51
5156|86
5157|24
5158|59
5159|94
5160|35
5161|70
5162|08
5163|43
5164|78
5165|16
5166|51
5167|86
5168|24
5169|59
5170|97
5171|35
5172|70
5173|08
5174|43
5175|78
5176|16
5177|51
5178|86
5179|24
5180|62
5181|97
5182|35
5183|70
5184|08
5185|43
5186|78
5187|16
5188|51
5189|86
5190|27
5191|62
5192|97
5193|35
5194|70
5195|08
5196|43
5197|78
5198|16
5199|51
5200|52
5201|87
5202|25
5203|60
5204|95
5205|33
5206|68
5207|06
5208|41
5209|76
5210|17
5211|52
5212|87
5213|25
5214|60
5215|95
5216|33
5217|68
5218|06
5219|41
5220|79
5221|17
5222|52
5223|87
5224|25
5225|60
5226|95
5227|33
5228|68
5229|06
5230|44
5231|79
5232|17
5233|52
5234|87
5235|25
5236|60
5237|95
5238|33
5239|68
5240|09
5241|44
5242|79
5243|17
5244|52
5245|87
5246|25
5247|60
5248|95
5249|33
5250|71
5251|09
5252|44
5253|79
5254|17
5255|52
5256|87
5257|25
5258|60
5259|95
5260|36
5261|71
5262|09
5263|44
5264|79
5265|17
5266|52
5267|87
5268|25
5269|60
5270|98
5271|36
5272|71
5273|09
5274|44
5275|79
5276|17
5277|52
5278|87
5279|25
5280|63
5281|98
5282|36
5283|71
5284|09
5285|44
5286|79
5287|17
5288|52
5289|87
5290|28
5291|63
5292|98
5293|36
5294|71
5295|09
5296|44
5297|79
5298|17
5299|52
5300|53
5301|88
5302|26
5303|61
5304|96
5305|34
5306|69
5307|07
5308|42
5309|77
5310|18
5311|53
5312|88
5313|26
5314|61
5315|96
5316|34
5317|69
5318|07
5319|42
5320|80
5321|18
5322|53
5323|88
5324|26
5325|61
5326|96
5327|34
5328|69
5329|07
5330|45
5331|80
5332|18
5333|53
5334|88
5335|26
5336|61
5337|96
5338|34
5339|69
5340|10
5341|45
5342|80
5343|18
5344|53
5345|88
5346|26
5347|61
5348|96
5349|34
5350|72
5351|10
5352|45
5353|80
5354|18
5355|53
5356|88
5357|26
5358|61
5359|96
5360|37
5361|72
5362|10
5363|45
5364|80
5365|18
5366|53
5367|88
5368|26
5369|61
5370|02
5371|37
5372|72
5373|10
5374|45
5375|80
5376|18
5377|53
5378|88
5379|26
5380|64
5381|02
5382|37
5383|72
5384|10
5385|45
5386|80
5387|18
5388|53
5389|88
5390|29
5391|64
5392|02
5393|37
5394|72
5395|10
5396|45
5397|80
5398|18
5399|53
5400|54
5401|89
5402|27
5403|62
5404|97
5405|35
5406|70
5407|08
5408|43
5409|78
5410|19
5411|54
5412|89
5413|27
5414|62
5415|97
5416|35
5417|70
5418|08
5419|43
5420|81
5421|19
5422|54
5423|89
5424|27
5425|62
5426|97
5427|35
5428|70
5429|08
5430|46
5431|81
5432|19
5433|54
5434|89
5435|27
5436|62
5437|97
5438|35
5439|70
5440|11
5441|46
5442|81
5443|19
5444|54
5445|89
5446|27
5447|62
5448|97
5449|35
5450|73
5451|11
5452|46
5453|81
5454|19
5455|54
5456|89
5457|27
5458|62
5459|97
5460|38
5461|73
5462|11
5463|46
5464|81
5465|19
5466|54
5467|89
5468|27
5469|62
5470|03
5471|38
5472|73
5473|11
5474|46
5475|81
5476|19
5477|54
5478|89
5479|27
5480|65
5481|03
5482|38
5483|73
5484|11
5485|46
5486|81
5487|19
5488|54
5489|89
5490|30
5491|65
5492|03
5493|38
5494|73
5495|11
5496|46
5497|81
5498|19
5499|54
5500|55
5501|90
5502|28
5503|63
5504|98
5505|36
5506|71
5507|09
5508|44
5509|79
5510|20
5511|55
5512|90
5513|28
5514|63
5515|98
5516|36
5517|71
5518|09
5519|44
5520|82
5521|20
5522|55
5523|90
5524|28
5525|63
5526|98
5527|36
5528|71
5529|09
5530|47
5531|82
5532|20
5533|55
5534|90
5535|28
5536|63
5537|98
5538|36
5539|71
5540|12
5541|47
5542|82
5543|20
5544|55
5545|90
5546|28
5547|63
5548|98
5549|36
5550|74
5551|12
5552|47
5553|82
5554|20
5555|55
5556|90
5557|28
5558|63
5559|98
5560|39
5561|74
5562|12
5563|47
5564|82
5565|20
5566|55
5567|90
5568|28
5569|63
5570|04
5571|39
5572|74
5573|12
5574|47
5575|82
5576|20
5577|55
5578|90
5579|28
5580|66
5581|04
5582|39
5583|74
5584|12
5585|47
5586|82
5587|20
5588|55
5589|90
5590|31
5591|66
5592|04
5593|39
5594|74
5595|12
5596|47
5597|82
5598|20
5599|55
5600|56
5601|91
5602|29
5603|64
5604|02
5605|37
5606|72
5607|10
5608|45
5609|80
5610|21
5611|56
5612|91
5613|29
5614|64
5615|02
5616|37
5617|72
5618|10
5619|45
5620|83
5621|21
5622|56
5623|91
5624|29
5625|64
5626|02
5627|37
5628|72
5629|10
5630|48
5631|83
5632|21
5633|56
5634|91
5635|29
5636|64
5637|02
5638|37
5639|72
5640|13
5641|48
5642|83
5643|21
5644|56
5645|91
5646|29
5647|64
5648|02
5649|37
5650|75
5651|13
5652|48
5653|83
5654|21
5655|56
5656|91
5657|29
5658|64
5659|02
5660|40
5661|75
5662|13
5663|48
5664|83
5665|21
5666|56
5667|91
5668|29
5669|64
5670|05
5671|40
5672|75
5673|13
5674|48
5675|83
5676|21
5677|56
5678|91
5679|29
5680|67
5681|05
5682|40
5683|75
5684|13
5685|48
5686|83
5687|21
5688|56
5689|91
5690|32
5691|67
5692|05
5693|40
5694|75
5695|13
5696|48
5697|83
5698|21
5699|56
5700|57
5701|92
5702|30
5703|65
5704|03
5705|38
5706|73
5707|11
5708|46
5709|81
5710|22
5711|57
5712|92
5713|30
5714|65
5715|03
5716|38
5717|73
5718|11
5719|46
5720|84
5721|22
5722|57
5723|92
5724|30
5725|65
5726|03
5727|38
5728|73
5729|11
5730|49
5731|84
5732|22
5733|57
5734|92
5735|30
5736|65
5737|03
5738|38
5739|73
5740|14
5741|49
5742|84
5743|22
5744|57
5745|92
5746|30
5747|65
5748|03
5749|38
5750|76
5751|14
5752|49
5753|84
5754|22
5755|57
5756|92
5757|30
5758|65
5759|03
5760|41
5761|76
5762|14
5763|49
5764|84
5765|22
5766|57
5767|92
5768|30
5769|65
5770|06
5771|41
5772|76
5773|14
5774|49
5775|84
5776|22
5777|57
5778|92
5779|30
5780|68
5781|06
5782|41
5783|76
5784|14
5785|49
5786|84
5787|22
5788|57
5789|92
5790|33
5791|68
5792|06
5793|41
5794|76
5795|14
5796|49
5797|84
5798|22
5799|57
5800|58
5801|93
5802|31
5803|66
5804|04
5805|39
5806|74
5807|12
5808|47
5809|82
5810|23
5811|58
5812|93
5813|31
5814|66
5815|04
5816|39
5817|74
5818|12
5819|47
5820|85
5821|23
5822|58
5823|93
5824|31
5825|66
5826|04
5827|39
5828|74
5829|12
5830|50
5831|85
5832|23
5833|58
5834|93
5835|31
5836|66
5837|04
5838|39
5839|74
5840|15
5841|50
5842|85
5843|23
5844|58
5845|93
5846|31
5847|66
5848|04
5849|39
5850|77
5851|15
5852|50
5853|85
5854|23
5855|58
5856|93
5857|31
5858|66
5859|04
5860|42
5861|77
5862|15
5863|50
5864|85
5865|23
5866|58
5867|93
5868|31
5869|66
5870|07
5871|42
5872|77
5873|15
5874|50
5875|85
5876|23
5877|58
5878|93
5879|31
5880|69
5881|07
5882|42
5883|77
5884|15
5885|50
5886|85
5887|23
5888|58
5889|93
5890|34
5891|69
5892|07
5893|42
5894|77
5895|15
5896|50
5897|85
5898|23
5899|58
5900|59
5901|94
5902|32
5903|67
5904|05
5905|40
5906|75
5907|13
5908|48
5909|83
5910|24
5911|59
5912|94
5913|32
5914|67
5915|05
5916|40
5917|75
5918|13
5919|48
5920|86
5921|24
5922|59
5923|94
5924|32
5925|67
5926|05
5927|40
5928|75
5929|13
5930|51
5931|86
5932|24
5933|59
5934|94
5935|32
5936|67
5937|05
5938|40
5939|75
5940|16
5941|51
5942|86
5943|24
5944|59
5945|94
5946|32
5947|67
5948|05
5949|40
5950|78
5951|16
5952|51
5953|86
5954|24
5955|59
5956|94
5957|32
5958|67
5959|05
5960|43
5961|78
5962|16
5963|51
5964|86
5965|24
5966|59
5967|94
5968|32
5969|67
5970|08
5971|43
5972|78
5973|16
5974|51
5975|86
5976|24
5977|59
5978|94
5979|32
5980|70
5981|08
5982|43
5983|78
5984|16
5985|51
5986|86
5987|24
5988|59
5989|94
5990|35
5991|70
5992|08
5993|43
5994|78
5995|16
5996|51
5997|86
5998|24
5999|59
6000|60
6001|95
6002|33
6003|68
6004|06
6005|41
6006|76
6007|14
6008|49
6009|84
6010|25
6011|60
6012|95
6013|33
6014|68
6015|06
6016|41
6017|76
6018|14
6019|49
6020|87
6021|25
6022|60
6023|95
6024|33
6025|68
6026|06
6027|41
6028|76
6029|14
6030|52
6031|87
6032|25
6033|60
6034|95
6035|33
6036|68
6037|06
6038|41
6039|76
6040|17
6041|52
6042|87
6043|25
6044|60
6045|95
6046|33
6047|68
6048|06
6049|41
6050|79
6051|17
6052|52
6053|87
6054|25
6055|60
6056|95
6057|33
6058|68
6059|06
6060|44
6061|79
6062|17
6063|52
6064|87
6065|25
6066|60
6067|95
6068|33
6069|68
6070|09
6071|44
6072|79
6073|17
6074|52
6075|87
6076|25
6077|60
6078|95
6079|33
6080|71
6081|09
6082|44
6083|79
6084|17
6085|52
6086|87
6087|25
6088|60
6089|95
6090|36
6091|71
6092|09
6093|44
6094|79
6095|17
6096|52
6097|87
6098|25
6099|60
6100|61
6101|96
6102|34
6103|69
6104|07
6105|42
6106|77
6107|15
6108|50
6109|85
6110|26
6111|61
6112|96
6113|34
6114|69
6115|07
6116|42
6117|77
6118|15
6119|50
6120|88
6121|26
6122|61
6123|96
6124|34
6125|69
6126|07
6127|42
6128|77
6129|15
6130|53
6131|88
6132|26
6133|61
6134|96
6135|34
6136|69
6137|07
6138|42
6139|77
6140|18
6141|53
6142|88
6143|26
6144|61
6145|96
6146|34
6147|69
6148|07
6149|42
6150|80
6151|18
6152|53
6153|88
6154|26
6155|61
6156|96
6157|34
6158|69
6159|07
6160|45
6161|80
6162|18
6163|53
6164|88
6165|26
6166|61
6167|96
6168|34
6169|69
6170|10
6171|45
6172|80
6173|18
6174|53
6175|88
6176|26
6177|61
6178|96
6179|34
6180|72
6181|10
6182|45
6183|80
6184|18
6185|53
6186|88
6187|26
6188|61
6189|96
6190|37
6191|72
6192|10
6193|45
6194|80
6195|18
6196|53
6197|88
6198|26
6199|61
6200|62
6201|97
6202|35
6203|70
6204|08
6205|43
6206|78
6207|16
6208|51
6209|86
6210|27
6211|62
6212|97
6213|35
6214|70
6215|08
6216|43
6217|78
6218|16
6219|51
6220|89
6221|27
6222|62
6223|97
6224|35
6225|70
6226|08
6227|43
6228|78
6229|16
6230|54
6231|89
6232|27
6233|62
6234|97
6235|35
6236|70
6237|08
6238|43
6239|78
6240|19
6241|54
6242|89
6243|27
6244|62
6245|97
6246|35
6247|70
6248|08
6249|43
6250|81
6251|19
6252|54
6253|89
6254|27
6255|62
6256|97
6257|35
6258|70
6259|08
6260|46
6261|81
6262|19
6263|54
6264|89
6265|27
6266|62
6267|97
6268|35
6269|70
6270|11
6271|46
6272|81
6273|19
6274|54
6275|89
6276|27
6277|62
6278|97
6279|35
6280|73
6281|11
6282|46
6283|81
6284|19
6285|54
6286|89
6287|27
6288|62
6289|97
6290|38
6291|73
6292|11
6293|46
6294|81
6295|19
6296|54
6297|89
6298|27
6299|62
6300|63
6301|98
6302|36
6303|71
6304|09
6305|44
6306|79
6307|17
6308|52
6309|87
6310|28
6311|63
6312|98
6313|36
6314|71
6315|09
6316|44
6317|79
6318|17
6319|52
6320|90
6321|28
6322|63
6323|98
6324|36
6325|71
6326|09
6327|44
6328|79
6329|17
6330|55
6331|90
6332|28
6333|63
6334|98
6335|36
6336|71
6337|09
6338|44
6339|79
6340|20
6341|55
6342|90
6343|28
6344|63
6345|98
6346|36
6347|71
6348|09
6349|44
6350|82
6351|20
6352|55
6353|90
6354|28
6355|63
6356|98
6357|36
6358|71
6359|09
6360|47
6361|82
6362|20
6363|55
6364|90
6365|28
6366|63
6367|98
6368|36
6369|71
6370|12
6371|47
6372|82
6373|20
6374|55
6375|90
6376|28
6377|63
6378|98
6379|36
6380|74
6381|12
6382|47
6383|82
6384|20
6385|55
6386|90
6387|28
6388|63
6389|98
6390|39
6391|74
6392|12
6393|47
6394|82
6395|20
6396|55
6397|90
6398|28
6399|63
6400|64
6401|02
6402|37
6403|72
6404|10
6405|45
6406|80
6407|18
6408|53
6409|88
6410|29
6411|64
6412|02
6413|37
6414|72
6415|10
6416|45
6417|80
6418|18
6419|53
6420|91
6421|29
6422|64
6423|02
6424|37
6425|72
6426|10
6427|45
6428|80
6429|18
6430|56
6431|91
6432|29
6433|64
6434|02
6435|37
6436|72
6437|10
6438|45
6439|80
6440|21
6441|56
6442|91
6443|29
6444|64
6445|02
6446|37
6447|72
6448|10
6449|45
6450|83
6451|21
6452|56
6453|91
6454|29
6455|64
6456|02
6457|37
6458|72
6459|10
6460|48
6461|83
6462|21
6463|56
6464|91
6465|29
6466|64
6467|02
6468|37
6469|72
6470|13
6471|48
6472|83
6473|21
6474|56
6475|91
6476|29
6477|64
6478|02
6479|37
6480|75
6481|13
6482|48
6483|83
6484|21
6485|56
6486|91
6487|29
6488|64
6489|02
6490|40
6491|75
6492|13
6493|48
6494|83
6495|21
6496|56
6497|91
6498|29
6499|64
6500|65
6501|03
6502|38
6503|73
6504|11
6505|46
6506|81
6507|19
6508|54
6509|89
6510|30
6511|65
6512|03
6513|38
6514|73
6515|11
6516|46
6517|81
6518|19
6519|54
6520|92
6521|30
6522|65
6523|03
6524|38
6525|73
6526|11
6527|46
6528|81
6529|19
6530|57
6531|92
6532|30
6533|65
6534|03
6535|38
6536|73
6537|11
6538|46
6539|81
6540|22
6541|57
6542|92
6543|30
6544|65
6545|03
6546|38
6547|73
6548|11
6549|46
6550|84
6551|22
6552|57
6553|92
6554|30
6555|65
6556|03
6557|38
6558|73
6559|11
6560|49
6561|84
6562|22
6563|57
6564|92
6565|30
6566|65
6567|03
6568|38
6569|73
6570|14
6571|49
6572|84
6573|22
6574|57
6575|92
6576|30
6577|65
6578|03
6579|38
6580|76
6581|14
6582|49
6583|84
6584|22
6585|57
6586|92
6587|30
6588|65
6589|03
6590|41
6591|76
6592|14
6593|49
6594|84
6595|22
6596|57
6597|92
6598|30
6599|65
6600|66
6601|04
6602|39
6603|74
6604|12
6605|47
6606|82
6607|20
6608|55
6609|90
6610|31
6611|66
6612|04
6613|39
6614|74
6615|12
6616|47
6617|82
6618|20
6619|55
6620|93
6621|31
6622|66
6623|04
6624|39
6625|74
6626|12
6627|47
6628|82
6629|20
6630|58
6631|93
6632|31
6633|66
6634|04
6635|39
6636|74
6637|12
6638|47
6639|82
6640|23
6641|58
6642|93
6643|31
6644|66
6645|04
6646|39
6647|74
6648|12
6649|47
6650|85
6651|23
6652|58
6653|93
6654|31
6655|66
6656|04
6657|39
6658|74
6659|12
6660|50
6661|85
6662|23
6663|58
6664|93
6665|31
6666|66
6667|04
6668|39
6669|74
6670|15
6671|50
6672|85
6673|23
6674|58
6675|93
6676|31
6677|66
6678|04
6679|39
6680|77
6681|15
6682|50
6683|85
6684|23
6685|58
6686|93
6687|31
6688|66
6689|04
6690|42
6691|77
6692|15
6693|50
6694|85
6695|23
6696|58
6697|93
6698|31
6699|66
6700|67
6701|05
6702|40
6703|75
6704|13
6705|48
6706|83
6707|21
6708|56
6709|91
6710|32
6711|67
6712|05
6713|40
6714|75
6715|13
6716|48
6717|83
6718|21
6719|56
6720|94
6721|32
6722|67
6723|05
6724|40
6725|75
6726|13
6727|48
6728|83
6729|21
6730|59
6731|94
6732|32
6733|67
6734|05
6735|40
6736|75
6737|13
6738|48
6739|83
6740|24
6741|59
6742|94
6743|32
6744|67
6745|05
6746|40
6747|75
6748|13
6749|48
6750|86
6751|24
6752|59
6753|94
6754|32
6755|67
6756|05
6757|40
6758|75
6759|13
6760|51
6761|86
6762|24
6763|59
6764|94
6765|32
6766|67
6767|05
6768|40
6769|75
6770|16
6771|51
6772|86
6773|24
6774|59
6775|94
6776|32
6777|67
6778|05
6779|40
6780|78
6781|16
6782|51
6783|86
6784|24
6785|59
6786|94
6787|32
6788|67
6789|05
6790|43
6791|78
6792|16
6793|51
6794|86
6795|24
6796|59
6797|94
6798|32
6799|67
6800|68
6801|06
6802|41
6803|76
6804|14
6805|49
6806|84
6807|22
6808|57
6809|92
6810|33
6811|68
6812|06
6813|41
6814|76
6815|14
6816|49
6817|84
6818|22
6819|57
6820|95
6821|33
6822|68
6823|06
6824|41
6825|76
6826|14
6827|49
6828|84
6829|22
6830|60
6831|95
6832|33
6833|68
6834|06
6835|41
6836|76
6837|14
6838|49
6839|84
6840|25
6841|60
6842|95
6843|33
6844|68
6845|06
6846|41
6847|76
6848|14
6849|49
6850|87
6851|25
6852|60
6853|95
6854|33
6855|68
6856|06
6857|41
6858|76
6859|14
6860|52
6861|87
6862|25
6863|60
6864|95
6865|33
6866|68
6867|06
6868|41
6869|76
6870|17
6871|52
6872|87
6873|25
6874|60
6875|95
6876|33
6877|68
6878|06
6879|41
6880|79
6881|17
6882|52
6883|87
6884|25
6885|60
6886|95
6887|33
6888|68
6889|06
6890|44
6891|79
6892|17
6893|52
6894|87
6895|25
6896|60
6897|95
6898|33
6899|68
6900|69
6901|07
6902|42
6903|77
6904|15
6905|50
6906|85
6907|23
6908|58
6909|93
6910|34
6911|69
6912|07
6913|42
6914|77
6915|15
6916|50
6917|85
6918|23
6919|58
6920|96
6921|34
6922|69
6923|07
6924|42
6925|77
6926|15
6927|50
6928|85
6929|23
6930|61
6931|96
6932|34
6933|69
6934|07
6935|42
6936|77
6937|15
6938|50
6939|85
6940|26
6941|61
6942|96
6943|34
6944|69
6945|07
6946|42
6947|77
6948|15
6949|50
6950|88
6951|26
6952|61
6953|96
6954|34
6955|69
6956|07
6957|42
6958|77
6959|15
6960|53
6961|88
6962|26
6963|61
6964|96
6965|34
6966|69
6967|07
6968|42
6969|77
6970|18
6971|53
6972|88
6973|26
6974|61
6975|96
6976|34
6977|69
6978|07
6979|42
6980|80
6981|18
6982|53
6983|88
6984|26
6985|61
6986|96
6987|34
6988|69
6989|07
6990|45
6991|80
6992|18
6993|53
6994|88
6995|26
6996|61
6997|96
6998|34
6999|69
7000|70
7001|08
7002|43
7003|78
7004|16
7005|51
7006|86
7007|24
7008|59
7009|94
7010|35
7011|70
7012|08
7013|43
7014|78
7015|16
7016|51
7017|86
7018|24
7019|59
7020|97
7021|35
7022|70
7023|08
7024|43
7025|78
7026|16
7027|51
7028|86
7029|24
7030|62
7031|97
7032|35
7033|70
7034|08
7035|43
7036|78
7037|16
7038|51
7039|86
7040|27
7041|62
7042|97
7043|35
7044|70
7045|08
7046|43
7047|78
7048|16
7049|51
7050|89
7051|27
7052|62
7053|97
7054|35
7055|70
7056|08
7057|43
7058|78
7059|16
7060|54
7061|89
7062|27
7063|62
7064|97
7065|35
7066|70
7067|08
7068|43
7069|78
7070|19
7071|54
7072|89
7073|27
7074|62
7075|97
7076|35
7077|70
7078|08
7079|43
7080|81
7081|19
7082|54
7083|89
7084|27
7085|62
7086|97
7087|35
7088|70
7089|08
7090|46
7091|81
7092|19
7093|54
7094|89
7095|27
7096|62
7097|97
7098|35
7099|70
7100|71
7101|09
7102|44
7103|79
7104|17
7105|52
7106|87
7107|25
7108|60
7109|95
7110|36
7111|71
7112|09
7113|44
7114|79
7115|17
7116|52
7117|87
7118|25
7119|60
7120|98
7121|36
7122|71
7123|09
7124|44
7125|79
7126|17
7127|52
7128|87
7129|25
7130|63
7131|98
7132|36
7133|71
7134|09
7135|44
7136|79
7137|17
7138|52
7139|87
7140|28
7141|63
7142|98
7143|36
7144|71
7145|09
7146|44
7147|79
7148|17
7149|52
7150|90
7151|28
7152|63
7153|98
7154|36
7155|71
7156|09
7157|44
7158|79
7159|17
7160|55
7161|90
7162|28
7163|63
7164|98
7165|36
7166|71
7167|09
7168|44
7169|79
7170|20
7171|55
7172|90
7173|28
7174|63
7175|98
7176|36
7177|71
7178|09
7179|44
7180|82
7181|20
7182|55
7183|90
7184|28
7185|63
7186|98
7187|36
7188|71
7189|09
7190|47
7191|82
7192|20
7193|55
7194|90
7195|28
7196|63
7197|98
7198|36
7199|71
7200|72
7201|10
7202|45
7203|80
7204|18
7205|53
7206|88
7207|26
7208|61
7209|96
7210|37
7211|72
7212|10
7213|45
7214|80
7215|18
7216|53
7217|88
7218|26
7219|61
7220|02
7221|37
7222|72
7223|10
7224|45
7225|80
7226|18
7227|53
7228|88
7229|26
7230|64
7231|02
7232|37
7233|72
7234|10
7235|45
7236|80
7237|18
7238|53
7239|88
7240|29
7241|64
7242|02
7243|37
7244|72
7245|10
7246|45
7247|80
7248|18
7249|53
7250|91
7251|29
7252|64
7253|02
7254|37
7255|72
7256|10
7257|45
7258|80
7259|18
7260|56
7261|91
7262|29
7263|64
7264|02
7265|37
7266|72
7267|10
7268|45
7269|80
7270|21
7271|56
7272|91
7273|29
7274|64
7275|02
7276|37
7277|72
7278|10
7279|45
7280|83
7281|21
7282|56
7283|91
7284|29
7285|64
7286|02
7287|37
7288|72
7289|10
7290|48
7291|83
7292|21
7293|56
7294|91
7295|29
7296|64
7297|02
7298|37
7299|72
7300|73
7301|11
7302|46
7303|81
7304|19
7305|54
7306|89
7307|27
7308|62
7309|97
7310|38
7311|73
7312|11
7313|46
7314|81
7315|19
7316|54
7317|89
7318|27
7319|62
7320|03
7321|38
7322|73
7323|11
7324|46
7325|81
7326|19
7327|54
7328|89
7329|27
7330|65
7331|03
7332|38
7333|73
7334|11
7335|46
7336|81
7337|19
7338|54
7339|89
7340|30
7341|65
7342|03
7343|38
7344|73
7345|11
7346|46
7347|81
7348|19
7349|54
7350|92
7351|30
7352|65
7353|03
7354|38
7355|73
7356|11
7357|46
7358|81
7359|19
7360|57
7361|92
7362|30
7363|65
7364|03
7365|38
7366|73
7367|11
7368|46
7369|81
7370|22
7371|57
7372|92
7373|30
7374|65
7375|03
7376|38
7377|73
7378|11
7379|46
7380|84
7381|22
7382|57
7383|92
7384|30
7385|65
7386|03
7387|38
7388|73
7389|11
7390|49
7391|84
7392|22
7393|57
7394|92
7395|30
7396|65
7397|03
7398|38
7399|73
7400|74
7401|12
7402|47
7403|82
7404|20
7405|55
7406|90
7407|28
7408|63
7409|98
7410|39
7411|74
7412|12
7413|47
7414|82
7415|20
7416|55
7417|90
7418|28
7419|63
7420|04
7421|39
7422|74
7423|12
7424|47
7425|82
7426|20
7427|55
7428|90
7429|28
7430|66
7431|04
7432|39
7433|74
7434|12
7435|47
7436|82
7437|20
7438|55
7439|90
7440|31
7441|66
7442|04
7443|39
7444|74
7445|12
7446|47
7447|82
7448|20
7449|55
7450|93
7451|31
7452|66
7453|04
7454|39
7455|74
7456|12
7457|47
7458|82
7459|20
7460|58
7461|93
7462|31
7463|66
7464|04
7465|39
7466|74
7467|12
7468|47
7469|82
7470|23
7471|58
7472|93
7473|31
7474|66
7475|04
7476|39
7477|74
7478|12
7479|47
7480|85
7481|23
7482|58
7483|93
7484|31
7485|66
7486|04
7487|39
7488|74
7489|12
7490|50
7491|85
7492|23
7493|58
7494|93
7495|31
7496|66
7497|04
7498|39
7499|74
7500|75
7501|13
7502|48
7503|83
7504|21
7505|56
7506|91
7507|29
7508|64
7509|02
7510|40
7511|75
7512|13
7513|48
7514|83
7515|21
7516|56
7517|91
7518|29
7519|64
7520|05
7521|40
7522|75
7523|13
7524|48
7525|83
7526|21
7527|56
7528|91
7529|29
7530|67
7531|05
7532|40
7533|75
7534|13
7535|48
7536|83
7537|21
7538|56
7539|91
7540|32
7541|67
7542|05
7543|40
7544|75
7545|13
7546|48
7547|83
7548|21
7549|56
7550|94
7551|32
7552|67
7553|05
7554|40
7555|75
7556|13
7557|48
7558|83
7559|21
7560|59
7561|94
7562|32
7563|67
7564|05
7565|40
7566|75
7567|13
7568|48
7569|83
7570|24
7571|59
7572|94
7573|32
7574|67
7575|05
7576|40
7577|75
7578|13
7579|48
7580|86
7581|24
7582|59
7583|94
7584|32
7585|67
7586|05
7587|40
7588|75
7589|13
7590|51
7591|86
7592|24
7593|59
7594|94
7595|32
7596|67
7597|05
7598|40
7599|75
7600|76
7601|14
7602|49
7603|84
7604|22
7605|57
7606|92
7607|30
7608|65
7609|03
7610|41
7611|76
7612|14
7613|49
7614|84
7615|22
7616|57
7617|92
7618|30
7619|65
7620|06
7621|41
7622|76
7623|14
7624|49
7625|84
7626|22
7627|57
7628|92
7629|30
7630|68
7631|06
7632|41
7633|76
7634|14
7635|49
7636|84
7637|22
7638|57
7639|92
7640|33
7641|68
7642|06
7643|41
7644|76
7645|14
7646|49
7647|84
7648|22
7649|57
7650|95
7651|33
7652|68
7653|06
7654|41
7655|76
7656|14
7657|49
7658|84
7659|22
7660|60
7661|95
7662|33
7663|68
7664|06
7665|41
7666|76
7667|14
7668|49
7669|84
7670|25
7671|60
7672|95
7673|33
7674|68
7675|06
7676|41
7677|76
7678|14
7679|49
7680|87
7681|25
7682|60
7683|95
7684|33
7685|68
7686|06
7687|41
7688|76
7689|14
7690|52
7691|87
7692|25
7693|60
7694|95
7695|33
7696|68
7697|06
7698|41
7699|76
7700|77
7701|15
7702|50
7703|85
7704|23
7705|58
7706|93
7707|31
7708|66
7709|04
7710|42
7711|77
7712|15
7713|50
7714|85
7715|23
7716|58
7717|93
7718|31
7719|66
7720|07
7721|42
7722|77
7723|15
7724|50
7725|85
7726|23
7727|58
7728|93
7729|31
7730|69
7731|07
7732|42
7733|77
7734|15
7735|50
7736|85
7737|23
7738|58
7739|93
7740|34
7741|69
7742|07
7743|42
7744|77
7745|15
7746|50
7747|85
7748|23
7749|58
7750|96
7751|34
7752|69
7753|07
7754|42
7755|77
7756|15
7757|50
7758|85
7759|23
7760|61
7761|96
7762|34
7763|69
7764|07
7765|42
7766|77
7767|15
7768|50
7769|85
7770|26
7771|61
7772|96
7773|34
7774|69
7775|07
7776|42
7777|77
7778|15
7779|50
7780|88
7781|26
7782|61
7783|96
7784|34
7785|69
7786|07
7787|42
7788|77
7789|15
7790|53
7791|88
7792|26
7793|61
7794|96
7795|34
7796|69
7797|07
7798|42
7799|77
7800|78
7801|16
7802|51
7803|86
7804|24
7805|59
7806|94
7807|32
7808|67
7809|05
7810|43
7811|78
7812|16
7813|51
7814|86
7815|24
7816|59
7817|94
7818|32
7819|67
7820|08
7821|43
7822|78
7823|16
7824|51
7825|86
7826|24
7827|59
7828|94
7829|32
7830|70
7831|08
7832|43
7833|78
7834|16
7835|51
7836|86
7837|24
7838|59
7839|94
7840|35
7841|70
7842|08
7843|43
7844|78
7845|16
7846|51
7847|86
7848|24
7849|59
7850|97
7851|35
7852|70
7853|08
7854|43
7855|78
7856|16
7857|51
7858|86
7859|24
7860|62
7861|97
7862|35
7863|70
7864|08
7865|43
7866|78
7867|16
7868|51
7869|86
7870|27
7871|62
7872|97
7873|35
7874|70
7875|08
7876|43
7877|78
7878|16
7879|51
7880|89
7881|27
7882|62
7883|97
7884|35
7885|70
7886|08
7887|43
7888|78
7889|16
7890|54
7891|89
7892|27
7893|62
7894|97
7895|35
7896|70
7897|08
7898|43
7899|78
7900|79
7901|17
7902|52
7903|87
7904|25
7905|60
7906|95
7907|33
7908|68
7909|06
7910|44
7911|79
7912|17
7913|52
7914|87
7915|25
7916|60
7917|95
7918|33
7919|68
7920|09
7921|44
7922|79
7923|17
7924|52
7925|87
7926|25
7927|60
7928|95
7929|33
7930|71
7931|09
7932|44
7933|79
7934|17
7935|52
7936|87
7937|25
7938|60
7939|95
7940|36
7941|71
7942|09
7943|44
7944|79
7945|17
7946|52
7947|87
7948|25
7949|60
7950|98
7951|36
7952|71
7953|09
7954|44
7955|79
7956|17
7957|52
7958|87
7959|25
7960|63
7961|98
7962|36
7963|71
7964|09
7965|44
7966|79
7967|17
7968|52
7969|87
7970|28
7971|63
7972|98
7973|36
7974|71
7975|09
7976|44
7977|79
7978|17
7979|52
7980|90
7981|28
7982|63
7983|98
7984|36
7985|71
7986|09
7987|44
7988|79
7989|17
7990|55
7991|90
7992|28
7993|63
7994|98
7995|36
7996|71
7997|09
7998|44
7999|79
8000|80
8001|18
8002|53
8003|88
8004|26
8005|61
8006|96
8007|34
8008|69
8009|07
8010|45
8011|80
8012|18
8013|53
8014|88
8015|26
8016|61
8017|96
8018|34
8019|69
8020|10
8021|45
8022|80
8023|18
8024|53
8025|88
8026|26
8027|61
8028|96
8029|34
8030|72
8031|10
8032|45
8033|80
8034|18
8035|53
8036|88
8037|26
8038|61
8039|96
8040|37
8041|72
8042|10
8043|45
8044|80
8045|18
8046|53
8047|88
8048|26
8049|61
8050|02
8051|37
8052|72
8053|10
8054|45
8055|80
8056|18
8057|53
8058|88
8059|26
8060|64
8061|02
8062|37
8063|72
8064|10
8065|45
8066|80
8067|18
8068|53
8069|88
8070|29
8071|64
8072|02
8073|37
8074|72
8075|10
8076|45
8077|80
8078|18
8079|53
8080|91
8081|29
8082|64
8083|02
8084|37
8085|72
8086|10
8087|45
8088|80
8089|18
8090|56
8091|91
8092|29
8093|64
8094|02
8095|37
8096|72
8097|10
8098|45
8099|80
8100|81
8101|19
8102|54
8103|89
8104|27
8105|62
8106|97
8107|35
8108|70
8109|08
8110|46
8111|81
8112|19
8113|54
8114|89
8115|27
8116|62
8117|97
8118|35
8119|70
8120|11
8121|46
8122|81
8123|19
8124|54
8125|89
8126|27
8127|62
8128|97
8129|35
8130|73
8131|11
8132|46
8133|81
8134|19
8135|54
8136|89
8137|27
8138|62
8139|97
8140|38
8141|73
8142|11
8143|46
8144|81
8145|19
8146|54
8147|89
8148|27
8149|62
8150|03
8151|38
8152|73
8153|11
8154|46
8155|81
8156|19
8157|54
8158|89
8159|27
8160|65
8161|03
8162|38
8163|73
8164|11
8165|46
8166|81
8167|19
8168|54
8169|89
8170|30
8171|65
8172|03
8173|38
8174|73
8175|11
8176|46
8177|81
8178|19
8179|54
8180|92
8181|30
8182|65
8183|03
8184|38
8185|73
8186|11
8187|46
8188|81
8189|19
8190|57
8191|92
8192|30
8193|65
8194|03
8195|38
8196|73
8197|11
8198|46
8199|81
8200|82
8201|20
8202|55
8203|90
8204|28
8205|63
8206|98
8207|36
8208|71
8209|09
8210|47
8211|82
8212|20
8213|55
8214|90
8215|28
8216|63
8217|98
8218|36
8219|71
8220|12
8221|47
8222|82
8223|20
8224|55
8225|90
8226|28
8227|63
8228|98
8229|36
8230|74
8231|12
8232|47
8233|82
8234|20
8235|55
8236|90
8237|28
8238|63
8239|98
8240|39
8241|74
8242|12
8243|47
8244|82
8245|20
8246|55
8247|90
8248|28
8249|63
8250|04
8251|39
8252|74
8253|12
8254|47
8255|82
8256|20
8257|55
8258|90
8259|28
8260|66
8261|04
8262|39
8263|74
8264|12
8265|47
8266|82
8267|20
8268|55
8269|90
8270|31
8271|66
8272|04
8273|39
8274|74
8275|12
8276|47
8277|82
8278|20
8279|55
8280|93
8281|31
8282|66
8283|04
8284|39
8285|74
8286|12
8287|47
8288|82
8289|20
8290|58
8291|93
8292|31
8293|66
8294|04
8295|39
8296|74
8297|12
8298|47
8299|82
8300|83
8301|21
8302|56
8303|91
8304|29
8305|64
8306|02
8307|37
8308|72
8309|10
8310|48
8311|83
8312|21
8313|56
8314|91
8315|29
8316|64
8317|02
8318|37
8319|72
8320|13
8321|48
8322|83
8323|21
8324|56
8325|91
8326|29
8327|64
8328|02
8329|37
8330|75
8331|13
8332|48
8333|83
8334|21
8335|56
8336|91
8337|29
8338|64
8339|02
8340|40
8341|75
8342|13
8343|48
8344|83
8345|21
8346|56
8347|91
8348|29
8349|64
8350|05
8351|40
8352|75
8353|13
8354|48
8355|83
8356|21
8357|56
8358|91
8359|29
8360|67
8361|05
8362|40
8363|75
8364|13
8365|48
8366|83
8367|21
8368|56
8369|91
8370|32
8371|67
8372|05
8373|40
8374|75
8375|13
8376|48
8377|83
8378|21
8379|56
8380|94
8381|32
8382|67
8383|05
8384|40
8385|75
8386|13
8387|48
8388|83
8389|21
8390|59
8391|94
8392|32
8393|67
8394|05
8395|40
8396|75
8397|13
8398|48
8399|83
8400|84
8401|22
8402|57
8403|92
8404|30
8405|65
8406|03
8407|38
8408|73
8409|11
8410|49
8411|84
8412|22
8413|57
8414|92
8415|30
8416|65
8417|03
8418|38
8419|73
8420|14
8421|49
8422|84
8423|22
8424|57
8425|92
8426|30
8427|65
8428|03
8429|38
8430|76
8431|14
8432|49
8433|84
8434|22
8435|57
8436|92
8437|30
8438|65
8439|03
8440|41
8441|76
8442|14
8443|49
8444|84
8445|22
8446|57
8447|92
8448|30
8449|65
8450|06
8451|41
8452|76
8453|14
8454|49
8455|84
8456|22
8457|57
8458|92
8459|30
8460|68
8461|06
8462|41
8463|76
8464|14
8465|49
8466|84
8467|22
8468|57
8469|92
8470|33
8471|68
8472|06
8473|41
8474|76
8475|14
8476|49
8477|84
8478|22
8479|57
8480|95
8481|33
8482|68
8483|06
8484|41
8485|76
8486|14
8487|49
8488|84
8489|22
8490|60
8491|95
8492|33
8493|68
8494|06
8495|41
8496|76
8497|14
8498|49
8499|84
8500|85
8501|23
8502|58
8503|93
8504|31
8505|66
8506|04
8507|39
8508|74
8509|12
8510|50
8511|85
8512|23
8513|58
8514|93
8515|31
8516|66
8517|04
8518|39
8519|74
8520|15
8521|50
8522|85
8523|23
8524|58
8525|93
8526|31
8527|66
8528|04
8529|39
8530|77
8531|15
8532|50
8533|85
8534|23
8535|58
8536|93
8537|31
8538|66
8539|04
8540|42
8541|77
8542|15
8543|50
8544|85
8545|23
8546|58
8547|93
8548|31
8549|66
8550|07
8551|42
8552|77
8553|15
8554|50
8555|85
8556|23
8557|58
8558|93
8559|31
8560|69
8561|07
8562|42
8563|77
8564|15
8565|50
8566|85
8567|23
8568|58
8569|93
8570|34
8571|69
8572|07
8573|42
8574|77
8575|15
8576|50
8577|85
8578|23
8579|58
8580|96
8581|34
8582|69
8583|07
8584|42
8585|77
8586|15
8587|50
8588|85
8589|23
8590|61
8591|96
8592|34
8593|69
8594|07
8595|42
8596|77
8597|15
8598|50
8599|85
8600|86
8601|24
8602|59
8603|94
8604|32
8605|67
8606|05
8607|40
8608|75
8609|13
8610|51
8611|86
8612|24
8613|59
8614|94
8615|32
8616|67
8617|05
8618|40
8619|75
8620|16
8621|51
8622|86
8623|24
8624|59
8625|94
8626|32
8627|67
8628|05
8629|40
8630|78
8631|16
8632|51
8633|86
8634|24
8635|59
8636|94
8637|32
8638|67
8639|05
8640|43
8641|78
8642|16
8643|51
8644|86
8645|24
8646|59
8647|94
8648|32
8649|67
8650|08
8651|43
8652|78
8653|16
8654|51
8655|86
8656|24
8657|59
8658|94
8659|32
8660|70
8661|08
8662|43
8663|78
8664|16
8665|51
8666|86
8667|24
8668|59
8669|94
8670|35
8671|70
8672|08
8673|43
8674|78
8675|16
8676|51
8677|86
8678|24
8679|59
8680|97
8681|35
8682|70
8683|08
8684|43
8685|78
8686|16
8687|51
8688|86
8689|24
8690|62
8691|97
8692|35
8693|70
8694|08
8695|43
8696|78
8697|16
8698|51
8699|86
8700|87
8701|25
8702|60
8703|95
8704|33
8705|68
8706|06
8707|41
8708|76
8709|14
8710|52
8711|87
8712|25
8713|60
8714|95
8715|33
8716|68
8717|06
8718|41
8719|76
8720|17
8721|52
8722|87
8723|25
8724|60
8725|95
8726|33
8727|68
8728|06
8729|41
8730|79
8731|17
8732|52
8733|87
8734|25
8735|60
8736|95
8737|33
8738|68
8739|06
8740|44
8741|79
8742|17
8743|52
8744|87
8745|25
8746|60
8747|95
8748|33
8749|68
8750|09
8751|44
8752|79
8753|17
8754|52
8755|87
8756|25
8757|60
8758|95
8759|33
8760|71
8761|09
8762|44
8763|79
8764|17
8765|52
8766|87
8767|25
8768|60
8769|95
8770|36
8771|71
8772|09
8773|44
8774|79
8775|17
8776|52
8777|87
8778|25
8779|60
8780|98
8781|36
8782|71
8783|09
8784|44
8785|79
8786|17
8787|52
8788|87
8789|25
8790|63
8791|98
8792|36
8793|71
8794|09
8795|44
8796|79
8797|17
8798|52
8799|87
8800|88
8801|26
8802|61
8803|96
8804|34
8805|69
8806|07
8807|42
8808|77
8809|15
8810|53
8811|88
8812|26
8813|61
8814|96
8815|34
8816|69
8817|07
8818|42
8819|77
8820|18
8821|53
8822|88
8823|26
8824|61
8825|96
8826|34
8827|69
8828|07
8829|42
8830|80
8831|18
8832|53
8833|88
8834|26
8835|61
8836|96
8837|34
8838|69
8839|07
8840|45
8841|80
8842|18
8843|53
8844|88
8845|26
8846|61
8847|96
8848|34
8849|69
8850|10
8851|45
8852|80
8853|18
8854|53
8855|88
8856|26
8857|61
8858|96
8859|34
8860|72
8861|10
8862|45
8863|80
8864|18
8865|53
8866|88
8867|26
8868|61
8869|96
8870|37
8871|72
8872|10
8873|45
8874|80
8875|18
8876|53
8877|88
8878|26
8879|61
8880|02
8881|37
8882|72
8883|10
8884|45
8885|80
8886|18
8887|53
8888|88
8889|26
8890|64
8891|02
8892|37
8893|72
8894|10
8895|45
8896|80
8897|18
8898|53
8899|88
8900|89
8901|27
8902|62
8903|97
8904|35
8905|70
8906|08
8907|43
8908|78
8909|16
8910|54
8911|89
8912|27
8913|62
8914|97
8915|35
8916|70
8917|08
8918|43
8919|78
8920|19
8921|54
8922|89
8923|27
8924|62
8925|97
8926|35
8927|70
8928|08
8929|43
8930|81
8931|19
8932|54
8933|89
8934|27
8935|62
8936|97
8937|35
8938|70
8939|08
8940|46
8941|81
8942|19
8943|54
8944|89
8945|27
8946|62
8947|97
8948|35
8949|70
8950|11
8951|46
8952|81
8953|19
8954|54
8955|89
8956|27
8957|62
8958|97
8959|35
8960|73
8961|11
8962|46
8963|81
8964|19
8965|54
8966|89
8967|27
8968|62
8969|97
8970|38
8971|73
8972|11
8973|46
8974|81
8975|19
8976|54
8977|89
8978|27
8979|62
8980|03
8981|38
8982|73
8983|11
8984|46
8985|81
8986|19
8987|54
8988|89
8989|27
8990|65
8991|03
8992|38
8993|73
8994|11
8995|46
8996|81
8997|19
8998|54
8999|89
9000|90
9001|28
9002|63
9003|98
9004|36
9005|71
9006|09
9007|44
9008|79
9009|17
9010|55
9011|90
9012|28
9013|63
9014|98
9015|36
9016|71
9017|09
9018|44
9019|79
9020|20
9021|55
9022|90
9023|28
9024|63
9025|98
9026|36
9027|71
9028|09
9029|44
9030|82
9031|20
9032|55
9033|90
9034|28
9035|63
9036|98
9037|36
9038|71
9039|09
9040|47
9041|82
9042|20
9043|55
9044|90
9045|28
9046|63
9047|98
9048|36
9049|71
9050|12
9051|47
9052|82
9053|20
9054|55
9055|90
9056|28
9057|63
9058|98
9059|36
9060|74
9061|12
9062|47
9063|82
9064|20
9065|55
9066|90
9067|28
9068|63
9069|98
9070|39
9071|74
9072|12
9073|47
9074|82
9075|20
9076|55
9077|90
9078|28
9079|63
9080|04
9081|39
9082|74
9083|12
9084|47
9085|82
9086|20
9087|55
9088|90
9089|28
9090|66
9091|04
9092|39
9093|74
9094|12
9095|47
9096|82
9097|20
9098|55
9099|90
9100|91
9101|29
9102|64
9103|02
9104|37
9105|72
9106|10
9107|45
9108|80
9109|18
9110|56
9111|91
9112|29
9113|64
9114|02
9115|37
9116|72
9117|10
9118|45
9119|80
9120|21
9121|56
9122|91
9123|29
9124|64
9125|02
9126|37
9127|72
9128|10
9129|45
9130|83
9131|21
9132|56
9133|91
9134|29
9135|64
9136|02
9137|37
9138|72
9139|10
9140|48
9141|83
9142|21
9143|56
9144|91
9145|29
9146|64
9147|02
9148|37
9149|72
9150|13
9151|48
9152|83
9153|21
9154|56
9155|91
9156|29
9157|64
9158|02
9159|37
9160|75
9161|13
9162|48
9163|83
9164|21
9165|56
9166|91
9167|29
9168|64
9169|02
9170|40
9171|75
9172|13
9173|48
9174|83
9175|21
9176|56
9177|91
9178|29
9179|64
9180|05
9181|40
9182|75
9183|13
9184|48
9185|83
9186|21
9187|56
9188|91
9189|29
9190|67
9191|05
9192|40
9193|75
9194|13
9195|48
9196|83
9197|21
9198|56
9199|91
9200|92
9201|30
9202|65
9203|03
9204|38
9205|73
9206|11
9207|46
9208|81
9209|19
9210|57
9211|92
9212|30
9213|65
9214|03
9215|38
9216|73
9217|11
9218|46
9219|81
9220|22
9221|57
9222|92
9223|30
9224|65
9225|03
9226|38
9227|73
9228|11
9229|46
9230|84
9231|22
9232|57
9233|92
9234|30
9235|65
9236|03
9237|38
9238|73
9239|11
9240|49
9241|84
9242|22
9243|57
9244|92
9245|30
9246|65
9247|03
9248|38
9249|73
9250|14
9251|49
9252|84
9253|22
9254|57
9255|92
9256|30
9257|65
9258|03
9259|38
9260|76
9261|14
9262|49
9263|84
9264|22
9265|57
9266|92
9267|30
9268|65
9269|03
9270|41
9271|76
9272|14
9273|49
9274|84
9275|22
9276|57
9277|92
9278|30
9279|65
9280|06
9281|41
9282|76
9283|14
9284|49
9285|84
9286|22
9287|57
9288|92
9289|30
9290|68
9291|06
9292|41
9293|76
9294|14
9295|49
9296|84
9297|22
9298|57
9299|92
9300|93
9301|31
9302|66
9303|04
9304|39
9305|74
9306|12
9307|47
9308|82
9309|20
9310|58
9311|93
9312|31
9313|66
9314|04
9315|39
9316|74
9317|12
9318|47
9319|82
9320|23
9321|58
9322|93
9323|31
9324|66
9325|04
9326|39
9327|74
9328|12
9329|47
9330|85
9331|23
9332|58
9333|93
9334|31
9335|66
9336|04
9337|39
9338|74
9339|12
9340|50
9341|85
9342|23
9343|58
9344|93
9345|31
9346|66
9347|04
9348|39
9349|74
9350|15
9351|50
9352|85
9353|23
9354|58
9355|93
9356|31
9357|66
9358|04
9359|39
9360|77
9361|15
9362|50
9363|85
9364|23
9365|58
9366|93
9367|31
9368|66
9369|04
9370|42
9371|77
9372|15
9373|50
9374|85
9375|23
9376|58
9377|93
9378|31
9379|66
9380|07
9381|42
9382|77
9383|15
9384|50
9385|85
9386|23
9387|58
9388|93
9389|31
9390|69
9391|07
9392|42
9393|77
9394|15
9395|50
9396|85
9397|23
9398|58
9399|93
9400|94
9401|32
9402|67
9403|05
9404|40
9405|75
9406|13
9407|48
9408|83
9409|21
9410|59
9411|94
9412|32
9413|67
9414|05
9415|40
9416|75
9417|13
9418|48
9419|83
9420|24
9421|59
9422|94
9423|32
9424|67
9425|05
9426|40
9427|75
9428|13
9429|48
9430|86
9431|24
9432|59
9433|94
9434|32
9435|67
9436|05
9437|40
9438|75
9439|13
9440|51
9441|86
9442|24
9443|59
9444|94
9445|32
9446|67
9447|05
9448|40
9449|75
9450|16
9451|51
9452|86
9453|24
9454|59
9455|94
9456|32
9457|67
9458|05
9459|40
9460|78
9461|16
9462|51
9463|86
9464|24
9465|59
9466|94
9467|32
9468|67
9469|05
9470|43
9471|78
9472|16
9473|51
9474|86
9475|24
9476|59
9477|94
9478|32
9479|67
9480|08
9481|43
9482|78
9483|16
9484|51
9485|86
9486|24
9487|59
9488|94
9489|32
9490|70
9491|08
9492|43
9493|78
9494|16
9495|51
9496|86
9497|24
9498|59
9499|94
9500|95
9501|33
9502|68
9503|06
9504|41
9505|76
9506|14
9507|49
9508|84
9509|22
9510|60
9511|95
9512|33
9513|68
9514|06
9515|41
9516|76
9517|14
9518|49
9519|84
9520|25
9521|60
9522|95
9523|33
9524|68
9525|06
9526|41
9527|76
9528|14
9529|49
9530|87
9531|25
9532|60
9533|95
9534|33
9535|68
9536|06
9537|41
9538|76
9539|14
9540|52
9541|87
9542|25
9543|60
9544|95
9545|33
9546|68
9547|06
9548|41
9549|76
9550|17
9551|52
9552|87
9553|25
9554|60
9555|95
9556|33
9557|68
9558|06
9559|41
9560|79
9561|17
9562|52
9563|87
9564|25
9565|60
9566|95
9567|33
9568|68
9569|06
9570|44
9571|79
9572|17
9573|52
9574|87
9575|25
9576|60
9577|95
9578|33
9579|68
9580|09
9581|44
9582|79
9583|17
9584|52
9585|87
9586|25
9587|60
9588|95
9589|33
9590|71
9591|09
9592|44
9593|79
9594|17
9595|52
9596|87
9597|25
9598|60
9599|95
9600|96
9601|34
9602|69
9603|07
9604|42
9605|77
9606|15
9607|50
9608|85
9609|23
9610|61
9611|96
9612|34
9613|69
9614|07
9615|42
9616|77
9617|15
9618|50
9619|85
9620|26
9621|61
9622|96
9623|34
9624|69
9625|07
9626|42
9627|77
9628|15
9629|50
9630|88
9631|26
9632|61
9633|96
9634|34
9635|69
9636|07
9637|42
9638|77
9639|15
9640|53
9641|88
9642|26
9643|61
9644|96
9645|34
9646|69
9647|07
9648|42
9649|77
9650|18
9651|53
9652|88
9653|26
9654|61
9655|96
9656|34
9657|69
9658|07
9659|42
9660|80
9661|18
9662|53
9663|88
9664|26
9665|61
9666|96
9667|34
9668|69
9669|07
9670|45
9671|80
9672|18
9673|53
9674|88
9675|26
9676|61
9677|96
9678|34
9679|69
9680|10
9681|45
9682|80
9683|18
9684|53
9685|88
9686|26
9687|61
9688|96
9689|34
9690|72
9691|10
9692|45
9693|80
9694|18
9695|53
9696|88
9697|26
9698|61
9699|96
9700|97
9701|35
9702|70
9703|08
9704|43
9705|78
9706|16
9707|51
9708|86
9709|24
9710|62
9711|97
9712|35
9713|70
9714|08
9715|43
9716|78
9717|16
9718|51
9719|86
9720|27
9721|62
9722|97
9723|35
9724|70
9725|08
9726|43
9727|78
9728|16
9729|51
9730|89
9731|27
9732|62
9733|97
9734|35
9735|70
9736|08
9737|43
9738|78
9739|16
9740|54
9741|89
9742|27
9743|62
9744|97
9745|35
9746|70
9747|08
9748|43
9749|78
9750|19
9751|54
9752|89
9753|27
9754|62
9755|97
9756|35
9757|70
9758|08
9759|43
9760|81
9761|19
9762|54
9763|89
9764|27
9765|62
9766|97
9767|35
9768|70
9769|08
9770|46
9771|81
9772|19
9773|54
9774|89
9775|27
9776|62
9777|97
9778|35
9779|70
9780|11
9781|46
9782|81
9783|19
9784|54
9785|89
9786|27
9787|62
9788|97
9789|35
9790|73
9791|11
9792|46
9793|81
9794|19
9795|54
9796|89
9797|27
9798|62
9799|97
9800|98
9801|36
9802|71
9803|09
9804|44
9805|79
9806|17
9807|52
9808|87
9809|25
9810|63
9811|98
9812|36
9813|71
9814|09
9815|44
9816|79
9817|17
9818|52
9819|87
9820|28
9821|63
9822|98
9823|36
9824|71
9825|09
9826|44
9827|79
9828|17
9829|52
9830|90
9831|28
9832|63
9833|98
9834|36
9835|71
9836|09
9837|44
9838|79
9839|17
9840|55
9841|90
9842|28
9843|63
9844|98
9845|36
9846|71
9847|09
9848|44
9849|79
9850|20
9851|55
9852|90
9853|28
9854|63
9855|98
9856|36
9857|71
9858|09
9859|44
9860|82
9861|20
9862|55
9863|90
9864|28
9865|63
9866|98
9867|36
9868|71
9869|09
9870|47
9871|82
9872|20
9873|55
9874|90
9875|28
9876|63
9877|98
9878|36
9879|71
9880|12
9881|47
9882|82
9883|20
9884|55
9885|90
9886|28
9887|63
9888|98
9889|36
9890|74
9891|12
9892|47
9893|82
9894|20
9895|55
9896|90
9897|28
9898|63
9899|98
9900|02
9901|37
9902|72
9903|10
9904|45
9905|80
9906|18
9907|53
9908|88
9909|26
9910|64
9911|02
9912|37
9913|72
9914|10
9915|45
9916|80
9917|18
9918|53
9919|88
9920|29
9921|64
9922|02
9923|37
9924|72
9925|10
9926|45
9927|80
9928|18
9929|53
9930|91
9931|29
9932|64
9933|02
9934|37
9935|72
9936|10
9937|45
9938|80
9939|18
9940|56
9941|91
9942|29
9943|64
9944|02
9945|37
9946|72
9947|10
9948|45
9949|80
9950|21
9951|56
9952|91
9953|29
9954|64
9955|02
9956|37
9957|72
9958|10
9959|45
9960|83
9961|21
9962|56
9963|91
9964|29
9965|64
9966|02
9967|37
9968|72
9969|10
9970|48
9971|83
9972|21
9973|56
9974|91
9975|29
9976|64
9977|02
9978|37
9979|72
9980|13
9981|48
9982|83
9983|21
9984|56
9985|91
9986|29
9987|64
9988|02
9989|37
9990|75
9991|13
9992|48
9993|83
9994|21
9995|56
9996|91
9997|29
9998|64
9999|02
