000|000
001|101
002|202
003|303
004|404
005|505
006|606
007|707
008|808
009|909
00!|!00
00/|/00
00-|-00
00_|_00
010|010
011|111
012|212
013|313
014|414
015|515
016|616
017|717
018|818
019|919
01!|!01
01/|/01
01-|-01
01_|_01
020|020
021|121
022|222
023|323
024|424
025|525
026|626
027|727
028|828
029|929
02!|!02
02/|/02
02-|-02
02_|_02
030|030
031|131
032|232
033|333
034|434
035|535
036|636
037|737
038|838
039|939
03!|!03
03/|/03
03-|-03
03_|_03
040|040
041|141
042|242
043|343
044|444
045|545
046|646
047|747
048|848
049|949
04!|!04
04/|/04
04-|-04
04_|_04
050|050
051|151
052|252
053|353
054|454
055|555
056|656
057|757
058|858
059|959
05!|!05
05/|/05
05-|-05
05_|_05
060|060
061|161
062|262
063|363
064|464
065|565
066|666
067|767
068|868
069|969
06!|!06
06/|/06
06-|-06
06_|_06
070|070
071|171
072|272
073|373
074|474
075|575
076|676
077|777
078|878
079|979
07!|!07
07/|/07
07-|-07
07_|_07
080|080
081|181
082|282
083|383
084|484
085|585
086|686
087|787
088|888
089|989
08!|!08
08/|/08
08-|-08
08_|_08
090|090
091|191
092|292
093|393
094|494
095|595
096|696
097|700
098|801
099|902
09!|!09
09/|/09
09-|-09
09_|_09
100|003
101|104
102|205
103|306
104|407
105|508
106|609
107|710
108|811
109|912
10!|!10
10/|/10
10-|-10
10_|_10
110|013
111|114
112|215
113|316
114|417
115|518
116|619
117|720
118|821
119|922
11!|!11
11/|/11
11-|-11
11_|_11
120|023
121|124
122|225
123|326
124|427
125|528
126|629
127|730
128|831
129|932
12!|!12
12/|/12
12-|-12
12_|_12
130|033
131|134
132|235
133|336
134|437
135|538
136|639
137|740
138|841
139|942
13!|!13
13/|/13
13-|-13
13_|_13
140|043
141|144
142|245
143|346
144|447
145|548
146|649
147|750
148|851
149|952
14!|!14
14/|/14
14-|-14
14_|_14
150|053
151|154
152|255
153|356
154|457
155|558
156|659
157|760
158|861
159|962
15!|!15
15/|/15
15-|-15
15_|_15
160|063
161|164
162|265
163|366
164|467
165|568
166|669
167|770
168|871
169|972
16!|!16
16/|/16
16-|-16
16_|_16
170|073
171|174
172|275
173|376
174|477
175|578
176|679
177|780
178|881
179|982
17!|!17
17/|/17
17-|-17
17_|_17
180|083
181|184
182|285
183|386
184|487
185|588
186|689
187|790
188|891
189|992
18!|!18
18/|/18
18-|-18
18_|_18
190|093
191|194
192|295
193|396
194|400
195|501
196|602
197|703
198|804
199|905
19!|!19
19/|/19
19-|-19
19_|_19
200|006
201|107
202|208
203|309
204|410
205|511
206|612
207|713
208|814
209|915
20!|!20
20/|/20
20-|-20
20_|_20
210|016
211|117
212|218
213|319
214|420
215|521
216|622
217|723
218|824
219|925
21!|!21
21/|/21
21-|-21
21_|_21
220|026
221|127
222|228
223|329
224|430
225|531
226|632
227|733
228|834
229|935
22!|!22
22/|/22
22-|-22
22_|_22
230|036
231|137
232|238
233|339
234|440
235|541
236|642
237|743
238|844
239|945
23!|!23
23/|/23
23-|-23
23_|_23
240|046
241|147
242|248
243|349
244|450
245|551
246|652
247|753
248|854
249|955
24!|!24
24/|/24
24-|-24
24_|_24
250|056
251|157
252|258
253|359
254|460
255|561
256|662
257|763
258|864
259|965
25!|!25
25/|/25
25-|-25
25_|_25
260|066
261|167
262|268
263|369
264|470
265|571
266|672
267|773
268|874
269|975
26!|!26
26/|/26
26-|-26
26_|_26
270|076
271|177
272|278
273|379
274|480
275|581
276|682
277|783
278|884
279|985
27!|!27
27/|/27
27-|-27
27_|_27
280|086
281|187
282|288
283|389
284|490
285|591
286|692
287|793
288|894
289|995
28!|!28
28/|/28
28-|-28
28_|_28
290|096
291|100
292|201
293|302
294|403
295|504
296|605
297|706
298|807
299|908
29!|!29
29/|/29
29-|-29
29_|_29
300|009
301|110
302|211
303|312
304|413
305|514
306|615
307|716
308|817
309|918
30!|!30
30/|/30
30-|-30
30_|_30
310|019
311|120
312|221
313|322
314|423
315|524
316|625
317|726
318|827
319|928
31!|!31
31/|/31
31-|-31
31_|_31
320|029
321|130
322|231
323|332
324|433
325|534
326|635
327|736
328|837
329|938
32!|!32
32/|/32
32-|-32
32_|_32
330|039
331|140
332|241
333|342
334|443
335|544
336|645
337|746
338|847
339|948
33!|!33
33/|/33
33-|-33
33_|_33
340|049
341|150
342|251
343|352
344|453
345|554
346|655
347|756
348|857
349|958
34!|!34
34/|/34
34-|-34
34_|_34
350|059
351|160
352|261
353|362
354|463
355|564
356|665
357|766
358|867
359|968
35!|!35
35/|/35
35-|-35
35_|_35
360|069
361|170
362|271
363|372
364|473
365|574
366|675
367|776
368|877
369|978
36!|!36
36/|/36
36-|-36
36_|_36
370|079
371|180
372|281
373|382
374|483
375|584
376|685
377|786
378|887
379|988
37!|!37
37/|/37
37-|-37
37_|_37
380|089
381|190
382|291
383|392
384|493
385|594
386|695
387|796
388|800
389|901
38!|!38
38/|/38
38-|-38
38_|_38
390|002
391|103
392|204
393|305
394|406
395|507
396|608
397|709
398|810
399|911
39!|!39
39/|/39
39-|-39
39_|_39
400|012
401|113
402|214
403|315
404|416
405|517
406|618
407|719
408|820
409|921
40!|!40
40/|/40
40-|-40
40_|_40
410|022
411|123
412|224
413|325
414|426
415|527
416|628
417|729
418|830
419|931
41!|!41
41/|/41
41-|-41
41_|_41
420|032
421|133
422|234
423|335
424|436
425|537
426|638
427|739
428|840
429|941
42!|!42
42/|/42
42-|-42
42_|_42
430|042
431|143
432|244
433|345
434|446
435|547
436|648
437|749
438|850
439|951
43!|!43
43/|/43
43-|-43
43_|_43
440|052
441|153
442|254
443|355
444|456
445|557
446|658
447|759
448|860
449|961
44!|!44
44/|/44
44-|-44
44_|_44
450|062
451|163
452|264
453|365
454|466
455|567
456|668
457|769
458|870
459|971
45!|!45
45/|/45
45-|-45
45_|_45
460|072
461|173
462|274
463|375
464|476
465|577
466|678
467|779
468|880
469|981
46!|!46
46/|/46
46-|-46
46_|_46
470|082
471|183
472|284
473|385
474|486
475|587
476|688
477|789
478|890
479|991
47!|!47
47/|/47
47-|-47
47_|_47
480|092
481|193
482|294
483|395
484|496
485|500
486|601
487|702
488|803
489|904
48!|!48
48/|/48
48-|-48
48_|_48
490|005
491|106
492|207
493|308
494|409
495|510
496|611
497|712
498|813
499|914
49!|!49
49/|/49
49-|-49
49_|_49
500|015
501|116
502|217
503|318
504|419
505|520
506|621
507|722
508|823
509|924
50!|!50
50/|/50
50-|-50
50_|_50
510|025
511|126
512|227
513|328
514|429
515|530
516|631
517|732
518|833
519|934
51!|!51
51/|/51
51-|-51
51_|_51
520|035
521|136
522|237
523|338
524|439
525|540
526|641
527|742
528|843
529|944
52!|!52
52/|/52
52-|-52
52_|_52
530|045
531|146
532|247
533|348
534|449
535|550
536|651
537|752
538|853
539|954
53!|!53
53/|/53
53-|-53
53_|_53
540|055
541|156
542|257
543|358
544|459
545|560
546|661
547|762
548|863
549|964
54!|!54
54/|/54
54-|-54
54_|_54
550|065
551|166
552|267
553|368
554|469
555|570
556|671
557|772
558|873
559|974
55!|!55
55/|/55
55-|-55
55_|_55
560|075
561|176
562|277
563|378
564|479
565|580
566|681
567|782
568|883
569|984
56!|!56
56/|/56
56-|-56
56_|_56
570|085
571|186
572|287
573|388
574|489
575|590
576|691
577|792
578|893
579|994
57!|!57
57/|/57
57-|-57
57_|_57
580|095
581|196
582|200
583|301
584|402
585|503
586|604
587|705
588|806
589|907
58!|!58
58/|/58
58-|-58
58_|_58
590|008
591|109
592|210
593|311
594|412
595|513
596|614
597|715
598|816
599|917
59!|!59
59/|/59
59-|-59
59_|_59
600|018
601|119
602|220
603|321
604|422
605|523
606|624
607|725
608|826
609|927
60!|!60
60/|/60
60-|-60
60_|_60
610|028
611|129
612|230
613|331
614|432
615|533
616|634
617|735
618|836
619|937
61!|!61
61/|/61
61-|-61
61_|_61
620|038
621|139
622|240
623|341
624|442
625|543
626|644
627|745
628|846
629|947
62!|!62
62/|/62
62-|-62
62_|_62
630|048
631|149
632|250
633|351
634|452
635|553
636|654
637|755
638|856
639|957
63!|!63
63/|/63
63-|-63
63_|_63
640|058
641|159
642|260
643|361
644|462
645|563
646|664
647|765
648|866
649|967
64!|!64
64/|/64
64-|-64
64_|_64
650|068
651|169
652|270
653|371
654|472
655|573
656|674
657|775
658|876
659|977
65!|!65
65/|/65
65-|-65
65_|_65
660|078
661|179
662|280
663|381
664|482
665|583
666|684
667|785
668|886
669|987
66!|!66
66/|/66
66-|-66
66_|_66
670|088
671|189
672|290
673|391
674|492
675|593
676|694
677|795
678|896
679|900
67!|!67
67/|/67
67-|-67
67_|_67
680|001
681|102
682|203
683|304
684|405
685|506
686|607
687|708
688|809
689|910
68!|!68
68/|/68
68-|-68
68_|_68
690|011
691|112
692|213
693|314
694|415
695|516
696|617
697|718
698|819
699|920
69!|!69
69/|/69
69-|-69
69_|_69
700|021
701|122
702|223
703|324
704|425
705|526
706|627
707|728
708|829
709|930
70!|!70
70/|/70
70-|-70
70_|_70
710|031
711|132
712|233
713|334
714|435
715|536
716|637
717|738
718|839
719|940
71!|!71
71/|/71
71-|-71
71_|_71
720|041
721|142
722|243
723|344
724|445
725|546
726|647
727|748
728|849
729|950
72!|!72
72/|/72
72-|-72
72_|_72
730|051
731|152
732|253
733|354
734|455
735|556
736|657
737|758
738|859
739|960
73!|!73
73/|/73
73-|-73
73_|_73
740|061
741|162
742|263
743|364
744|465
745|566
746|667
747|768
748|869
749|970
74!|!74
74/|/74
74-|-74
74_|_74
750|071
751|172
752|273
753|374
754|475
755|576
756|677
757|778
758|879
759|980
75!|!75
75/|/75
75-|-75
75_|_75
760|081
761|182
762|283
763|384
764|485
765|586
766|687
767|788
768|889
769|990
76!|!76
76/|/76
76-|-76
76_|_76
770|091
771|192
772|293
773|394
774|495
775|596
776|600
777|701
778|802
779|903
77!|!77
77/|/77
77-|-77
77_|_77
780|004
781|105
782|206
783|307
784|408
785|509
786|610
787|711
788|812
789|913
78!|!78
78/|/78
78-|-78
78_|_78
790|014
791|115
792|216
793|317
794|418
795|519
796|620
797|721
798|822
799|923
79!|!79
79/|/79
79-|-79
79_|_79
800|024
801|125
802|226
803|327
804|428
805|529
806|630
807|731
808|832
809|933
80!|!80
80/|/80
80-|-80
80_|_80
810|034
811|135
812|236
813|337
814|438
815|539
816|640
817|741
818|842
819|943
81!|!81
81/|/81
81-|-81
81_|_81
820|044
821|145
822|246
823|347
824|448
825|549
826|650
827|751
828|852
829|953
82!|!82
82/|/82
82-|-82
82_|_82
830|054
831|155
832|256
833|357
834|458
835|559
836|660
837|761
838|862
839|963
83!|!83
83/|/83
83-|-83
83_|_83
840|064
841|165
842|266
843|367
844|468
845|569
846|670
847|771
848|872
849|973
84!|!84
84/|/84
84-|-84
84_|_84
850|074
851|175
852|276
853|377
854|478
855|579
856|680
857|781
858|882
859|983
85!|!85
85/|/85
85-|-85
85_|_85
860|084
861|185
862|286
863|387
864|488
865|589
866|690
867|791
868|892
869|993
86!|!86
86/|/86
86-|-86
86_|_86
870|094
871|195
872|296
873|300
874|401
875|502
876|603
877|704
878|805
879|906
87!|!87
87/|/87
87-|-87
87_|_87
880|007
881|108
882|209
883|310
884|411
885|512
886|613
887|714
888|815
889|916
88!|!88
88/|/88
88-|-88
88_|_88
890|017
891|118
892|219
893|320
894|421
895|522
896|623
897|724
898|825
899|926
89!|!89
89/|/89
89-|-89
89_|_89
900|027
901|128
902|229
903|330
904|431
905|532
906|633
907|734
908|835
909|936
90!|!90
90/|/90
90-|-90
90_|_90
910|037
911|138
912|239
913|340
914|441
915|542
916|643
917|744
918|845
919|946
91!|!91
91/|/91
91-|-91
91_|_91
920|047
921|148
922|249
923|350
924|451
925|552
926|653
927|754
928|855
929|956
92!|!92
92/|/92
92-|-92
92_|_92
930|057
931|158
932|259
933|360
934|461
935|562
936|663
937|764
938|865
939|966
93!|!93
93/|/93
93-|-93
93_|_93
940|067
941|168
942|269
943|370
944|471
945|572
946|673
947|774
948|875
949|976
94!|!94
94/|/94
94-|-94
94_|_94
950|077
951|178
952|279
953|380
954|481
955|582
956|683
957|784
958|885
959|986
95!|!95
95/|/95
95-|-95
95_|_95
960|087
961|188
962|289
963|390
964|491
965|592
966|693
967|794
968|895
969|996
96!|!96
96/|/96
96-|-96
96_|_96
