000|000
001|117
002|211
003|305
004|422
005|516
006|610
007|704
008|821
009|915
010|001
011|118
012|212
013|306
014|400
015|517
016|611
017|705
018|822
019|916
020|002
021|119
022|213
023|307
024|401
025|518
026|612
027|706
028|800
029|917
030|003
031|120
032|214
033|308
034|402
035|519
036|613
037|707
038|801
039|918
040|004
041|121
042|215
043|309
044|403
045|520
046|614
047|708
048|802
049|919
050|005
051|122
052|216
053|310
054|404
055|521
056|615
057|709
058|803
059|920
060|006
061|100
062|217
063|311
064|405
065|522
066|616
067|710
068|804
069|921
070|007
071|101
072|218
073|312
074|406
075|500
076|617
077|711
078|805
079|922
080|008
081|102
082|219
083|313
084|407
085|501
086|618
087|712
088|806
089|900
090|009
091|103
092|220
093|314
094|408
095|502
096|619
097|713
098|807
099|901
100|010
101|104
102|221
103|315
104|409
105|503
106|620
107|714
108|808
109|902
110|011
111|105
112|222
113|316
114|410
115|504
116|621
117|715
118|809
119|903
120|012
121|106
122|200
123|317
124|411
125|505
126|622
127|716
128|810
129|904
130|013
131|107
132|201
133|318
134|412
135|506
136|600
137|717
138|811
139|905
140|014
141|108
142|202
143|319
144|413
145|507
146|601
147|718
148|812
149|906
150|015
151|109
152|203
153|320
154|414
155|508
156|602
157|719
158|813
159|907
160|016
161|110
162|204
163|321
164|415
165|509
166|603
167|720
168|814
169|908
170|017
171|111
172|205
173|322
174|416
175|510
176|604
177|721
178|815
179|909
180|018
181|112
182|206
183|300
184|417
185|511
186|605
187|722
188|816
189|910
190|019
191|113
192|207
193|301
194|418
195|512
196|606
197|700
198|817
199|911
200|020
201|114
202|208
203|302
204|419
205|513
206|607
207|701
208|818
209|912
210|021
211|115
212|209
213|303
214|420
215|514
216|608
217|702
218|819
219|913
220|022
221|116
222|210
223|304
224|421
225|515
226|609
227|703
228|820
229|914
