000|000
001|112
002|201
003|313
004|402
005|514
006|603
007|715
008|804
009|916
010|001
011|113
012|202
013|314
014|403
015|515
016|604
017|716
018|805
019|917
020|002
021|114
022|203
023|315
024|404
025|516
026|605
027|717
028|806
029|918
030|003
031|115
032|204
033|316
034|405
035|517
036|606
037|718
038|807
039|919
040|004
041|116
042|205
043|317
044|406
045|518
046|607
047|719
048|808
049|920
050|005
051|117
052|206
053|318
054|407
055|519
056|608
057|720
058|809
059|921
060|006
061|118
062|207
063|319
064|408
065|520
066|609
067|721
068|810
069|922
070|007
071|119
072|208
073|320
074|409
075|521
076|610
077|722
078|811
079|900
080|008
081|120
082|209
083|321
084|410
085|522
086|611
087|700
088|812
089|901
090|009
091|121
092|210
093|322
094|411
095|500
096|612
097|701
098|813
099|902
100|010
101|122
102|211
103|300
104|412
105|501
106|613
107|702
108|814
109|903
110|011
111|100
112|212
113|301
114|413
115|502
116|614
117|703
118|815
119|904
120|012
121|101
122|213
123|302
124|414
125|503
126|615
127|704
128|816
129|905
130|013
131|102
132|214
133|303
134|415
135|504
136|616
137|705
138|817
139|906
140|014
141|103
142|215
143|304
144|416
145|505
146|617
147|706
148|818
149|907
150|015
151|104
152|216
153|305
154|417
155|506
156|618
157|707
158|819
159|908
160|016
161|105
162|217
163|306
164|418
165|507
166|619
167|708
168|820
169|909
170|017
171|106
172|218
173|307
174|419
175|508
176|620
177|709
178|821
179|910
180|018
181|107
182|219
183|308
184|420
185|509
186|621
187|710
188|822
189|911
190|019
191|108
192|220
193|309
194|421
195|510
196|622
197|711
198|800
199|912
200|020
201|109
202|221
203|310
204|422
205|511
206|600
207|712
208|801
209|913
210|021
211|110
212|222
213|311
214|400
215|512
216|601
217|713
218|802
219|914
220|022
221|111
222|200
223|312
224|401
225|513
226|602
227|714
228|803
229|915
