000|000
001|121
002|219
003|317
004|415
005|513
006|611
007|709
008|807
009|905
010|001
011|122
012|220
013|318
014|416
015|514
016|612
017|710
018|808
019|906
020|002
021|100
022|221
023|319
024|417
025|515
026|613
027|711
028|809
029|907
030|003
031|101
032|222
033|320
034|418
035|516
036|614
037|712
038|810
039|908
040|004
041|102
042|200
043|321
044|419
045|517
046|615
047|713
048|811
049|909
050|005
051|103
052|201
053|322
054|420
055|518
056|616
057|714
058|812
059|910
060|006
061|104
062|202
063|300
064|421
065|519
066|617
067|715
068|813
069|911
070|007
071|105
072|203
073|301
074|422
075|520
076|618
077|716
078|814
079|912
080|008
081|106
082|204
083|302
084|400
085|521
086|619
087|717
088|815
089|913
090|009
091|107
092|205
093|303
094|401
095|522
096|620
097|718
098|816
099|914
100|010
101|108
102|206
103|304
104|402
105|500
106|621
107|719
108|817
109|915
110|011
111|109
112|207
113|305
114|403
115|501
116|622
117|720
118|818
119|916
120|012
121|110
122|208
123|306
124|404
125|502
126|600
127|721
128|819
129|917
130|013
131|111
132|209
133|307
134|405
135|503
136|601
137|722
138|820
139|918
140|014
141|112
142|210
143|308
144|406
145|504
146|602
147|700
148|821
149|919
150|015
151|113
152|211
153|309
154|407
155|505
156|603
157|701
158|822
159|920
160|016
161|114
162|212
163|310
164|408
165|506
166|604
167|702
168|800
169|921
170|017
171|115
172|213
173|311
174|409
175|507
176|605
177|703
178|801
179|922
180|018
181|116
182|214
183|312
184|410
185|508
186|606
187|704
188|802
189|900
190|019
191|117
192|215
193|313
194|411
195|509
196|607
197|705
198|803
199|901
200|020
201|118
202|216
203|314
204|412
205|510
206|608
207|706
208|804
209|902
210|021
211|119
212|217
213|315
214|413
215|511
216|609
217|707
218|805
219|903
220|022
221|120
222|218
223|316
224|414
225|512
226|610
227|708
228|806
229|904
