000|000
001|105
002|210
003|315
004|420
005|502
006|607
007|712
008|817
009|922
010|001
011|106
012|211
013|316
014|421
015|503
016|608
017|713
018|818
019|900
020|002
021|107
022|212
023|317
024|422
025|504
026|609
027|714
028|819
029|901
030|003
031|108
032|213
033|318
034|400
035|505
036|610
037|715
038|820
039|902
040|004
041|109
042|214
043|319
044|401
045|506
046|611
047|716
048|821
049|903
050|005
051|110
052|215
053|320
054|402
055|507
056|612
057|717
058|822
059|904
060|006
061|111
062|216
063|321
064|403
065|508
066|613
067|718
068|800
069|905
070|007
071|112
072|217
073|322
074|404
075|509
076|614
077|719
078|801
079|906
080|008
081|113
082|218
083|300
084|405
085|510
086|615
087|720
088|802
089|907
090|009
091|114
092|219
093|301
094|406
095|511
096|616
097|721
098|803
099|908
100|010
101|115
102|220
103|302
104|407
105|512
106|617
107|722
108|804
109|909
110|011
111|116
112|221
113|303
114|408
115|513
116|618
117|700
118|805
119|910
120|012
121|117
122|222
123|304
124|409
125|514
126|619
127|701
128|806
129|911
130|013
131|118
132|200
133|305
134|410
135|515
136|620
137|702
138|807
139|912
140|014
141|119
142|201
143|306
144|411
145|516
146|621
147|703
148|808
149|913
150|015
151|120
152|202
153|307
154|412
155|517
156|622
157|704
158|809
159|914
160|016
161|121
162|203
163|308
164|413
165|518
166|600
167|705
168|810
169|915
170|017
171|122
172|204
173|309
174|414
175|519
176|601
177|706
178|811
179|916
180|018
181|100
182|205
183|310
184|415
185|520
186|602
187|707
188|812
189|917
190|019
191|101
192|206
193|311
194|416
195|521
196|603
197|708
198|813
199|918
200|020
201|102
202|207
203|312
204|417
205|522
206|604
207|709
208|814
209|919
210|021
211|103
212|208
213|313
214|418
215|500
216|605
217|710
218|815
219|920
220|022
221|104
222|209
223|314
224|419
225|501
226|606
227|711
228|816
229|921
