000|000
001|103
002|206
003|309
004|412
005|515
006|618
007|721
008|801
009|904
010|001
011|104
012|207
013|310
014|413
015|516
016|619
017|722
018|802
019|905
020|002
021|105
022|208
023|311
024|414
025|517
026|620
027|700
028|803
029|906
030|003
031|106
032|209
033|312
034|415
035|518
036|621
037|701
038|804
039|907
040|004
041|107
042|210
043|313
044|416
045|519
046|622
047|702
048|805
049|908
050|005
051|108
052|211
053|314
054|417
055|520
056|600
057|703
058|806
059|909
060|006
061|109
062|212
063|315
064|418
065|521
066|601
067|704
068|807
069|910
070|007
071|110
072|213
073|316
074|419
075|522
076|602
077|705
078|808
079|911
080|008
081|111
082|214
083|317
084|420
085|500
086|603
087|706
088|809
089|912
090|009
091|112
092|215
093|318
094|421
095|501
096|604
097|707
098|810
099|913
100|010
101|113
102|216
103|319
104|422
105|502
106|605
107|708
108|811
109|914
110|011
111|114
112|217
113|320
114|400
115|503
116|606
117|709
118|812
119|915
120|012
121|115
122|218
123|321
124|401
125|504
126|607
127|710
128|813
129|916
130|013
131|116
132|219
133|322
134|402
135|505
136|608
137|711
138|814
139|917
140|014
141|117
142|220
143|300
144|403
145|506
146|609
147|712
148|815
149|918
150|015
151|118
152|221
153|301
154|404
155|507
156|610
157|713
158|816
159|919
160|016
161|119
162|222
163|302
164|405
165|508
166|611
167|714
168|817
169|920
170|017
171|120
172|200
173|303
174|406
175|509
176|612
177|715
178|818
179|921
180|018
181|121
182|201
183|304
184|407
185|510
186|613
187|716
188|819
189|922
190|019
191|122
192|202
193|305
194|408
195|511
196|614
197|717
198|820
199|900
200|020
201|100
202|203
203|306
204|409
205|512
206|615
207|718
208|821
209|901
210|021
211|101
212|204
213|307
214|410
215|513
216|616
217|719
218|822
219|902
220|022
221|102
222|205
223|308
224|411
225|514
226|617
227|720
228|800
229|903
