000|000
001|107
002|214
003|321
004|405
005|512
006|619
007|703
008|810
009|917
010|001
011|108
012|215
013|322
014|406
015|513
016|620
017|704
018|811
019|918
020|002
021|109
022|216
023|300
024|407
025|514
026|621
027|705
028|812
029|919
030|003
031|110
032|217
033|301
034|408
035|515
036|622
037|706
038|813
039|920
040|004
041|111
042|218
043|302
044|409
045|516
046|600
047|707
048|814
049|921
050|005
051|112
052|219
053|303
054|410
055|517
056|601
057|708
058|815
059|922
060|006
061|113
062|220
063|304
064|411
065|518
066|602
067|709
068|816
069|900
070|007
071|114
072|221
073|305
074|412
075|519
076|603
077|710
078|817
079|901
080|008
081|115
082|222
083|306
084|413
085|520
086|604
087|711
088|818
089|902
090|009
091|116
092|200
093|307
094|414
095|521
096|605
097|712
098|819
099|903
100|010
101|117
102|201
103|308
104|415
105|522
106|606
107|713
108|820
109|904
110|011
111|118
112|202
113|309
114|416
115|500
116|607
117|714
118|821
119|905
120|012
121|119
122|203
123|310
124|417
125|501
126|608
127|715
128|822
129|906
130|013
131|120
132|204
133|311
134|418
135|502
136|609
137|716
138|800
139|907
140|014
141|121
142|205
143|312
144|419
145|503
146|610
147|717
148|801
149|908
150|015
151|122
152|206
153|313
154|420
155|504
156|611
157|718
158|802
159|909
160|016
161|100
162|207
163|314
164|421
165|505
166|612
167|719
168|803
169|910
170|017
171|101
172|208
173|315
174|422
175|506
176|613
177|720
178|804
179|911
180|018
181|102
182|209
183|316
184|400
185|507
186|614
187|721
188|805
189|912
190|019
191|103
192|210
193|317
194|401
195|508
196|615
197|722
198|806
199|913
200|020
201|104
202|211
203|318
204|402
205|509
206|616
207|700
208|807
209|914
210|021
211|105
212|212
213|319
214|403
215|510
216|617
217|701
218|808
219|915
220|022
221|106
222|213
223|320
224|404
225|511
226|618
227|702
228|809
229|916
