000|000
001|115
002|207
003|322
004|414
005|506
006|621
007|713
008|805
009|920
010|001
011|116
012|208
013|300
014|415
015|507
016|622
017|714
018|806
019|921
020|002
021|117
022|209
023|301
024|416
025|508
026|600
027|715
028|807
029|922
030|003
031|118
032|210
033|302
034|417
035|509
036|601
037|716
038|808
039|900
040|004
041|119
042|211
043|303
044|418
045|510
046|602
047|717
048|809
049|901
050|005
051|120
052|212
053|304
054|419
055|511
056|603
057|718
058|810
059|902
060|006
061|121
062|213
063|305
064|420
065|512
066|604
067|719
068|811
069|903
070|007
071|122
072|214
073|306
074|421
075|513
076|605
077|720
078|812
079|904
080|008
081|100
082|215
083|307
084|422
085|514
086|606
087|721
088|813
089|905
090|009
091|101
092|216
093|308
094|400
095|515
096|607
097|722
098|814
099|906
100|010
101|102
102|217
103|309
104|401
105|516
106|608
107|700
108|815
109|907
110|011
111|103
112|218
113|310
114|402
115|517
116|609
117|701
118|816
119|908
120|012
121|104
122|219
123|311
124|403
125|518
126|610
127|702
128|817
129|909
130|013
131|105
132|220
133|312
134|404
135|519
136|611
137|703
138|818
139|910
140|014
141|106
142|221
143|313
144|405
145|520
146|612
147|704
148|819
149|911
150|015
151|107
152|222
153|314
154|406
155|521
156|613
157|705
158|820
159|912
160|016
161|108
162|200
163|315
164|407
165|522
166|614
167|706
168|821
169|913
170|017
171|109
172|201
173|316
174|408
175|500
176|615
177|707
178|822
179|914
180|018
181|110
182|202
183|317
184|409
185|501
186|616
187|708
188|800
189|915
190|019
191|111
192|203
193|318
194|410
195|502
196|617
197|709
198|801
199|916
200|020
201|112
202|204
203|319
204|411
205|503
206|618
207|710
208|802
209|917
210|021
211|113
212|205
213|320
214|412
215|504
216|619
217|711
218|803
219|918
220|022
221|114
222|206
223|321
224|413
225|505
226|620
227|712
228|804
229|919
