000|000
001|101
002|202
003|303
004|404
005|505
006|606
007|707
008|808
009|909
010|001
011|102
012|203
013|304
014|405
015|506
016|607
017|708
018|809
019|910
020|002
021|103
022|204
023|305
024|406
025|507
026|608
027|709
028|810
029|911
030|003
031|104
032|205
033|306
034|407
035|508
036|609
037|710
038|811
039|912
040|004
041|105
042|206
043|307
044|408
045|509
046|610
047|711
048|812
049|913
050|005
051|106
052|207
053|308
054|409
055|510
056|611
057|712
058|813
059|914
060|006
061|107
062|208
063|309
064|410
065|511
066|612
067|713
068|814
069|915
070|007
071|108
072|209
073|310
074|411
075|512
076|613
077|714
078|815
079|916
080|008
081|109
082|210
083|311
084|412
085|513
086|614
087|715
088|816
089|917
090|009
091|110
092|211
093|312
094|413
095|514
096|615
097|716
098|817
099|918
100|010
101|111
102|212
103|313
104|414
105|515
106|616
107|717
108|818
109|919
110|011
111|112
112|213
113|314
114|415
115|516
116|617
117|718
118|819
119|920
120|012
121|113
122|214
123|315
124|416
125|517
126|618
127|719
128|820
129|921
130|013
131|114
132|215
133|316
134|417
135|518
136|619
137|720
138|821
139|922
140|014
141|115
142|216
143|317
144|418
145|519
146|620
147|721
148|822
149|900
150|015
151|116
152|217
153|318
154|419
155|520
156|621
157|722
158|800
159|901
160|016
161|117
162|218
163|319
164|420
165|521
166|622
167|700
168|801
169|902
170|017
171|118
172|219
173|320
174|421
175|522
176|600
177|701
178|802
179|903
180|018
181|119
182|220
183|321
184|422
185|500
186|601
187|702
188|803
189|904
190|019
191|120
192|221
193|322
194|400
195|501
196|602
197|703
198|804
199|905
200|020
201|121
202|222
203|300
204|401
205|502
206|603
207|704
208|805
209|906
210|021
211|122
212|200
213|301
214|402
215|503
216|604
217|705
218|806
219|907
220|022
221|100
222|201
223|302
224|403
225|504
226|605
227|706
228|807
229|908
