000|000
001|109
002|218
003|304
004|413
005|522
006|608
007|717
008|803
009|912
010|001
011|110
012|219
013|305
014|414
015|500
016|609
017|718
018|804
019|913
020|002
021|111
022|220
023|306
024|415
025|501
026|610
027|719
028|805
029|914
030|003
031|112
032|221
033|307
034|416
035|502
036|611
037|720
038|806
039|915
040|004
041|113
042|222
043|308
044|417
045|503
046|612
047|721
048|807
049|916
050|005
051|114
052|200
053|309
054|418
055|504
056|613
057|722
058|808
059|917
060|006
061|115
062|201
063|310
064|419
065|505
066|614
067|700
068|809
069|918
070|007
071|116
072|202
073|311
074|420
075|506
076|615
077|701
078|810
079|919
080|008
081|117
082|203
083|312
084|421
085|507
086|616
087|702
088|811
089|920
090|009
091|118
092|204
093|313
094|422
095|508
096|617
097|703
098|812
099|921
100|010
101|119
102|205
103|314
104|400
105|509
106|618
107|704
108|813
109|922
110|011
111|120
112|206
113|315
114|401
115|510
116|619
117|705
118|814
119|900
120|012
121|121
122|207
123|316
124|402
125|511
126|620
127|706
128|815
129|901
130|013
131|122
132|208
133|317
134|403
135|512
136|621
137|707
138|816
139|902
140|014
141|100
142|209
143|318
144|404
145|513
146|622
147|708
148|817
149|903
150|015
151|101
152|210
153|319
154|405
155|514
156|600
157|709
158|818
159|904
160|016
161|102
162|211
163|320
164|406
165|515
166|601
167|710
168|819
169|905
170|017
171|103
172|212
173|321
174|407
175|516
176|602
177|711
178|820
179|906
180|018
181|104
182|213
183|322
184|408
185|517
186|603
187|712
188|821
189|907
190|019
191|105
192|214
193|300
194|409
195|518
196|604
197|713
198|822
199|908
200|020
201|106
202|215
203|301
204|410
205|519
206|605
207|714
208|800
209|909
210|021
211|107
212|216
213|302
214|411
215|520
216|606
217|715
218|801
219|910
220|022
221|108
222|217
223|303
224|412
225|521
226|607
227|716
228|802
229|911
