000|000
001|104
002|208
003|312
004|416
005|520
006|601
007|705
008|809
009|913
010|001
011|105
012|209
013|313
014|417
015|521
016|602
017|706
018|810
019|914
020|002
021|106
022|210
023|314
024|418
025|522
026|603
027|707
028|811
029|915
030|003
031|107
032|211
033|315
034|419
035|500
036|604
037|708
038|812
039|916
040|004
041|108
042|212
043|316
044|420
045|501
046|605
047|709
048|813
049|917
050|005
051|109
052|213
053|317
054|421
055|502
056|606
057|710
058|814
059|918
060|006
061|110
062|214
063|318
064|422
065|503
066|607
067|711
068|815
069|919
070|007
071|111
072|215
073|319
074|400
075|504
076|608
077|712
078|816
079|920
080|008
081|112
082|216
083|320
084|401
085|505
086|609
087|713
088|817
089|921
090|009
091|113
092|217
093|321
094|402
095|506
096|610
097|714
098|818
099|922
100|010
101|114
102|218
103|322
104|403
105|507
106|611
107|715
108|819
109|900
110|011
111|115
112|219
113|300
114|404
115|508
116|612
117|716
118|820
119|901
120|012
121|116
122|220
123|301
124|405
125|509
126|613
127|717
128|821
129|902
130|013
131|117
132|221
133|302
134|406
135|510
136|614
137|718
138|822
139|903
140|014
141|118
142|222
143|303
144|407
145|511
146|615
147|719
148|800
149|904
150|015
151|119
152|200
153|304
154|408
155|512
156|616
157|720
158|801
159|905
160|016
161|120
162|201
163|305
164|409
165|513
166|617
167|721
168|802
169|906
170|017
171|121
172|202
173|306
174|410
175|514
176|618
177|722
178|803
179|907
180|018
181|122
182|203
183|307
184|411
185|515
186|619
187|700
188|804
189|908
190|019
191|100
192|204
193|308
194|412
195|516
196|620
197|701
198|805
199|909
200|020
201|101
202|205
203|309
204|413
205|517
206|621
207|702
208|806
209|910
210|021
211|102
212|206
213|310
214|414
215|518
216|622
217|703
218|807
219|911
220|022
221|103
222|207
223|311
224|415
225|519
226|600
227|704
228|808
229|912
