000|000
001|113
002|203
003|316
004|406
005|519
006|609
007|722
008|812
009|902
010|001
011|114
012|204
013|317
014|407
015|520
016|610
017|700
018|813
019|903
020|002
021|115
022|205
023|318
024|408
025|521
026|611
027|701
028|814
029|904
030|003
031|116
032|206
033|319
034|409
035|522
036|612
037|702
038|815
039|905
040|004
041|117
042|207
043|320
044|410
045|500
046|613
047|703
048|816
049|906
050|005
051|118
052|208
053|321
054|411
055|501
056|614
057|704
058|817
059|907
060|006
061|119
062|209
063|322
064|412
065|502
066|615
067|705
068|818
069|908
070|007
071|120
072|210
073|300
074|413
075|503
076|616
077|706
078|819
079|909
080|008
081|121
082|211
083|301
084|414
085|504
086|617
087|707
088|820
089|910
090|009
091|122
092|212
093|302
094|415
095|505
096|618
097|708
098|821
099|911
100|010
101|100
102|213
103|303
104|416
105|506
106|619
107|709
108|822
109|912
110|011
111|101
112|214
113|304
114|417
115|507
116|620
117|710
118|800
119|913
120|012
121|102
122|215
123|305
124|418
125|508
126|621
127|711
128|801
129|914
130|013
131|103
132|216
133|306
134|419
135|509
136|622
137|712
138|802
139|915
140|014
141|104
142|217
143|307
144|420
145|510
146|600
147|713
148|803
149|916
150|015
151|105
152|218
153|308
154|421
155|511
156|601
157|714
158|804
159|917
160|016
161|106
162|219
163|309
164|422
165|512
166|602
167|715
168|805
169|918
170|017
171|107
172|220
173|310
174|400
175|513
176|603
177|716
178|806
179|919
180|018
181|108
182|221
183|311
184|401
185|514
186|604
187|717
188|807
189|920
190|019
191|109
192|222
193|312
194|402
195|515
196|605
197|718
198|808
199|921
200|020
201|110
202|200
203|313
204|403
205|516
206|606
207|719
208|809
209|922
210|021
211|111
212|201
213|314
214|404
215|517
216|607
217|720
218|810
219|900
220|022
221|112
222|202
223|315
224|405
225|518
226|608
227|721
228|811
229|901
