000,000
001,011
002,022
003,033
004,044
005,055
006,066
007,077
008,088
009,099
010,102
011,113
012,124
013,135
014,146
015,157
016,168
017,179
018,18A
019,190
020,204
021,215
022,226
023,237
024,248
025,259
026,26A
027,270
028,281
029,292
030,306
031,317
032,328
033,339
034,34A
035,350
036,361
037,372
038,383
039,394
040,408
041,419
042,42A
043,430
044,441
045,452
046,463
047,474
048,485
049,496
050,50A
051,510
052,521
053,532
054,543
055,554
056,565
057,576
058,587
059,598
060,601
061,612
062,623
063,634
064,645
065,656
066,667
067,678
068,689
069,69A
070,703
071,714
072,725
073,736
074,747
075,758
076,769
077,77A
078,780
079,791
080,805
081,816
082,827
083,838
084,849
085,85A
086,860
087,871
088,882
089,893
090,907
091,918
092,929
093,93A
094,940
095,951
096,962
097,973
098,984
099,995
100,001
101,012
102,023
103,034
104,045
105,056
106,067
107,078
108,089
109,09A
110,103
111,114
112,125
113,136
114,147
115,158
116,169
117,17A
118,180
119,191
120,205
121,216
122,227
123,238
124,249
125,25A
126,260
127,271
128,282
129,293
130,307
131,318
132,329
133,33A
134,340
135,351
136,362
137,373
138,384
139,395
140,409
141,41A
142,420
143,431
144,442
145,453
146,464
147,475
148,486
149,497
150,500
151,511
152,522
153,533
154,544
155,555
156,566
157,577
158,588
159,599
160,602
161,613
162,624
163,635
164,646
165,657
166,668
167,679
168,68A
169,690
170,704
171,715
172,726
173,737
174,748
175,759
176,76A
177,770
178,781
179,792
180,806
181,817
182,828
183,839
184,84A
185,850
186,861
187,872
188,883
189,894
190,908
191,919
192,92A
193,930
194,941
195,952
196,963
197,974
198,985
199,996
200,002
201,013
202,024
203,035
204,046
205,057
206,068
207,079
208,08A
209,090
210,104
211,115
212,126
213,137
214,148
215,159
216,16A
217,170
218,181
219,192
220,206
221,217
222,228
223,239
224,24A
225,250
226,261
227,272
228,283
229,294
230,308
231,319
232,32A
233,330
234,341
235,352
236,363
237,374
238,385
239,396
240,40A
241,410
242,421
243,432
244,443
245,454
246,465
247,476
248,487
249,498
250,501
251,512
252,523
253,534
254,545
255,556
256,567
257,578
258,589
259,59A
260,603
261,614
262,625
263,636
264,647
265,658
266,669
267,67A
268,680
269,691
270,705
271,716
272,727
273,738
274,749
275,75A
276,760
277,771
278,782
279,793
280,807
281,818
282,829
283,83A
284,840
285,851
286,862
287,873
288,884
289,895
290,909
291,91A
292,920
293,931
294,942
295,953
296,964
297,975
298,986
299,997
300,003
301,014
302,025
303,036
304,047
305,058
306,069
307,07A
308,080
309,091
310,105
311,116
312,127
313,138
314,149
315,15A
316,160
317,171
318,182
319,193
320,207
321,218
322,229
323,23A
324,240
325,251
326,262
327,273
328,284
329,295
330,309
331,31A
332,320
333,331
334,342
335,353
336,364
337,375
338,386
339,397
340,400
341,411
342,422
343,433
344,444
345,455
346,466
347,477
348,488
349,499
350,502
351,513
352,524
353,535
354,546
355,557
356,568
357,579
358,58A
359,590
360,604
361,615
362,626
363,637
364,648
365,659
366,66A
367,670
368,681
369,692
370,706
371,717
372,728
373,739
374,74A
375,750
376,761
377,772
378,783
379,794
380,808
381,819
382,82A
383,830
384,841
385,852
386,863
387,874
388,885
389,896
390,90A
391,910
392,921
393,932
394,943
395,954
396,965
397,976
398,987
399,998
400,004
401,015
402,026
403,037
404,048
405,059
406,06A
407,070
408,081
409,092
410,106
411,117
412,128
413,139
414,14A
415,150
416,161
417,172
418,183
419,194
420,208
421,219
422,22A
423,230
424,241
425,252
426,263
427,274
428,285
429,296
430,30A
431,310
432,321
433,332
434,343
435,354
436,365
437,376
438,387
439,398
440,401
441,412
442,423
443,434
444,445
445,456
446,467
447,478
448,489
449,49A
450,503
451,514
452,525
453,536
454,547
455,558
456,569
457,57A
458,580
459,591
460,605
461,616
462,627
463,638
464,649
465,65A
466,660
467,671
468,682
469,693
470,707
471,718
472,729
473,73A
474,740
475,751
476,762
477,773
478,784
479,795
480,809
481,81A
482,820
483,831
484,842
485,853
486,864
487,875
488,886
489,897
490,900
491,911
492,922
493,933
494,944
495,955
496,966
497,977
498,988
499,999
500,005
501,016
502,027
503,038
504,049
505,05A
506,060
507,071
508,082
509,093
510,107
511,118
512,129
513,13A
514,140
515,151
516,162
517,173
518,184
519,195
520,209
521,21A
522,220
523,231
524,242
525,253
526,264
527,275
528,286
529,297
530,300
531,311
532,322
533,333
534,344
535,355
536,366
537,377
538,388
539,399
540,402
541,413
542,424
543,435
544,446
545,457
546,468
547,479
548,48A
549,490
550,504
551,515
552,526
553,537
554,548
555,559
556,56A
557,570
558,581
559,592
560,606
561,617
562,628
563,639
564,64A
565,650
566,661
567,672
568,683
569,694
570,708
571,719
572,72A
573,730
574,741
575,752
576,763
577,774
578,785
579,796
580,80A
581,810
582,821
583,832
584,843
585,854
586,865
587,876
588,887
589,898
590,901
591,912
592,923
593,934
594,945
595,956
596,967
597,978
598,989
599,99A
600,006
601,017
602,028
603,039
604,04A
605,050
606,061
607,072
608,083
609,094
610,108
611,119
612,12A
613,130
614,141
615,152
616,163
617,174
618,185
619,196
620,20A
621,210
622,221
623,232
624,243
625,254
626,265
627,276
628,287
629,298
630,301
631,312
632,323
633,334
634,345
635,356
636,367
637,378
638,389
639,39A
640,403
641,414
642,425
643,436
644,447
645,458
646,469
647,47A
648,480
649,491
650,505
651,516
652,527
653,538
654,549
655,55A
656,560
657,571
658,582
659,593
660,607
661,618
662,629
663,63A
664,640
665,651
666,662
667,673
668,684
669,695
670,709
671,71A
672,720
673,731
674,742
675,753
676,764
677,775
678,786
679,797
680,800
681,811
682,822
683,833
684,844
685,855
686,866
687,877
688,888
689,899
690,902
691,913
692,924
693,935
694,946
695,957
696,968
697,979
698,98A
699,990
700,007
701,018
702,029
703,03A
704,040
705,051
706,062
707,073
708,084
709,095
710,109
711,11A
712,120
713,131
714,142
715,153
716,164
717,175
718,186
719,197
720,200
721,211
722,222
723,233
724,244
725,255
726,266
727,277
728,288
729,299
730,302
731,313
732,324
733,335
734,346
735,357
736,368
737,379
738,38A
739,390
740,404
741,415
742,426
743,437
744,448
745,459
746,46A
747,470
748,481
749,492
750,506
751,517
752,528
753,539
754,54A
755,550
756,561
757,572
758,583
759,594
760,608
761,619
762,62A
763,630
764,641
765,652
766,663
767,674
768,685
769,696
770,70A
771,710
772,721
773,732
774,743
775,754
776,765
777,776
778,787
779,798
780,801
781,812
782,823
783,834
784,845
785,856
786,867
787,878
788,889
789,89A
790,903
791,914
792,925
793,936
794,947
795,958
796,969
797,97A
798,980
799,991
800,008
801,019
802,02A
803,030
804,041
805,052
806,063
807,074
808,085
809,096
810,10A
811,110
812,121
813,132
814,143
815,154
816,165
817,176
818,187
819,198
820,201
821,212
822,223
823,234
824,245
825,256
826,267
827,278
828,289
829,29A
830,303
831,314
832,325
833,336
834,347
835,358
836,369
837,37A
838,380
839,391
840,405
841,416
842,427
843,438
844,449
845,45A
846,460
847,471
848,482
849,493
850,507
851,518
852,529
853,53A
854,540
855,551
856,562
857,573
858,584
859,595
860,609
861,61A
862,620
863,631
864,642
865,653
866,664
867,675
868,686
869,697
870,700
871,711
872,722
873,733
874,744
875,755
876,766
877,777
878,788
879,799
880,802
881,813
882,824
883,835
884,846
885,857
886,868
887,879
888,88A
889,890
890,904
891,915
892,926
893,937
894,948
895,959
896,96A
897,970
898,981
899,992
900,009
901,01A
902,020
903,031
904,042
905,053
906,064
907,075
908,086
909,097
910,100
911,111
912,122
913,133
914,144
915,155
916,166
917,177
918,188
919,199
920,202
921,213
922,224
923,235
924,246
925,257
926,268
927,279
928,28A
929,290
930,304
931,315
932,326
933,337
934,348
935,359
936,36A
937,370
938,381
939,392
940,406
941,417
942,428
943,439
944,44A
945,450
946,461
947,472
948,483
949,494
950,508
951,519
952,52A
953,530
954,541
955,552
956,563
957,574
958,585
959,596
960,60A
961,610
962,621
963,632
964,643
965,654
966,665
967,676
968,687
969,698
970,701
971,712
972,723
973,734
974,745
975,756
976,767
977,778
978,789
979,79A
980,803
981,814
982,825
983,836
984,847
985,858
986,869
987,87A
988,880
989,891
990,905
991,916
992,927
993,938
994,949
995,95A
996,960
997,971
998,982
999,993
A00,00A
A01,010
A02,021
A03,032
A04,043
A05,054
A06,065
A07,076
A08,087
A09,098
A10,101
A11,112
A12,123
A13,134
A14,145
A15,156
A16,167
A17,178
A18,189
A19,19A
A20,203
A21,214
A22,225
A23,236
A24,247
A25,258
A26,269
A27,27A
A28,280
A29,291
A30,305
A31,316
A32,327
A33,338
A34,349
A35,35A
A36,360
A37,371
A38,382
A39,393
A40,407
A41,418
A42,429
A43,43A
A44,440
A45,451
A46,462
A47,473
A48,484
A49,495
A50,509
A51,51A
A52,520
A53,531
A54,542
A55,553
A56,564
A57,575
A58,586
A59,597
A60,600
A61,611
A62,622
A63,633
A64,644
A65,655
A66,666
A67,677
A68,688
A69,699
A70,702
A71,713
A72,724
A73,735
A74,746
A75,757
A76,768
A77,779
A78,78A
A79,790
A80,804
A81,815
A82,826
A83,837
A84,848
A85,859
A86,86A
A87,870
A88,881
A89,892
A90,906
A91,917
A92,928
A93,939
A94,94A
A95,950
A96,961
A97,972
A98,983
A99,994
