000,000
001,016
002,021
003,037
004,042
005,058
006,063
007,079
008,084
009,09A
010,107
011,112
012,128
013,133
014,149
015,154
016,16A
017,175
018,180
019,196
020,203
021,219
022,224
023,23A
024,245
025,250
026,266
027,271
028,287
029,292
030,30A
031,315
032,320
033,336
034,341
035,357
036,362
037,378
038,383
039,399
040,406
041,411
042,427
043,432
044,448
045,453
046,469
047,474
048,48A
049,495
050,502
051,518
052,523
053,539
054,544
055,55A
056,565
057,570
058,586
059,591
060,609
061,614
062,62A
063,635
064,640
065,656
066,661
067,677
068,682
069,698
070,705
071,710
072,726
073,731
074,747
075,752
076,768
077,773
078,789
079,794
080,801
081,817
082,822
083,838
084,843
085,859
086,864
087,87A
088,885
089,890
090,908
091,913
092,929
093,934
094,94A
095,955
096,960
097,976
098,981
099,997
100,001
101,017
102,022
103,038
104,043
105,059
106,064
107,07A
108,085
109,090
110,108
111,113
112,129
113,134
114,14A
115,155
116,160
117,176
118,181
119,197
120,204
121,21A
122,225
123,230
124,246
125,251
126,267
127,272
128,288
129,293
130,300
131,316
132,321
133,337
134,342
135,358
136,363
137,379
138,384
139,39A
140,407
141,412
142,428
143,433
144,449
145,454
146,46A
147,475
148,480
149,496
150,503
151,519
152,524
153,53A
154,545
155,550
156,566
157,571
158,587
159,592
160,60A
161,615
162,620
163,636
164,641
165,657
166,662
167,678
168,683
169,699
170,706
171,711
172,727
173,732
174,748
175,753
176,769
177,774
178,78A
179,795
180,802
181,818
182,823
183,839
184,844
185,85A
186,865
187,870
188,886
189,891
190,909
191,914
192,92A
193,935
194,940
195,956
196,961
197,977
198,982
199,998
200,002
201,018
202,023
203,039
204,044
205,05A
206,065
207,070
208,086
209,091
210,109
211,114
212,12A
213,135
214,140
215,156
216,161
217,177
218,182
219,198
220,205
221,210
222,226
223,231
224,247
225,252
226,268
227,273
228,289
229,294
230,301
231,317
232,322
233,338
234,343
235,359
236,364
237,37A
238,385
239,390
240,408
241,413
242,429
243,434
244,44A
245,455
246,460
247,476
248,481
249,497
250,504
251,51A
252,525
253,530
254,546
255,551
256,567
257,572
258,588
259,593
260,600
261,616
262,621
263,637
264,642
265,658
266,663
267,679
268,684
269,69A
270,707
271,712
272,728
273,733
274,749
275,754
276,76A
277,775
278,780
279,796
280,803
281,819
282,824
283,83A
284,845
285,850
286,866
287,871
288,887
289,892
290,90A
291,915
292,920
293,936
294,941
295,957
296,962
297,978
298,983
299,999
300,003
301,019
302,024
303,03A
304,045
305,050
306,066
307,071
308,087
309,092
310,10A
311,115
312,120
313,136
314,141
315,157
316,162
317,178
318,183
319,199
320,206
321,211
322,227
323,232
324,248
325,253
326,269
327,274
328,28A
329,295
330,302
331,318
332,323
333,339
334,344
335,35A
336,365
337,370
338,386
339,391
340,409
341,414
342,42A
343,435
344,440
345,456
346,461
347,477
348,482
349,498
350,505
351,510
352,526
353,531
354,547
355,552
356,568
357,573
358,589
359,594
360,601
361,617
362,622
363,638
364,643
365,659
366,664
367,67A
368,685
369,690
370,708
371,713
372,729
373,734
374,74A
375,755
376,760
377,776
378,781
379,797
380,804
381,81A
382,825
383,830
384,846
385,851
386,867
387,872
388,888
389,893
390,900
391,916
392,921
393,937
394,942
395,958
396,963
397,979
398,984
399,99A
400,004
401,01A
402,025
403,030
404,046
405,051
406,067
407,072
408,088
409,093
410,100
411,116
412,121
413,137
414,142
415,158
416,163
417,179
418,184
419,19A
420,207
421,212
422,228
423,233
424,249
425,254
426,26A
427,275
428,280
429,296
430,303
431,319
432,324
433,33A
434,345
435,350
436,366
437,371
438,387
439,392
440,40A
441,415
442,420
443,436
444,441
445,457
446,462
447,478
448,483
449,499
450,506
451,511
452,527
453,532
454,548
455,553
456,569
457,574
458,58A
459,595
460,602
461,618
462,623
463,639
464,644
465,65A
466,665
467,670
468,686
469,691
470,709
471,714
472,72A
473,735
474,740
475,756
476,761
477,777
478,782
479,798
480,805
481,810
482,826
483,831
484,847
485,852
486,868
487,873
488,889
489,894
490,901
491,917
492,922
493,938
494,943
495,959
496,964
497,97A
498,985
499,990
500,005
501,010
502,026
503,031
504,047
505,052
506,068
507,073
508,089
509,094
510,101
511,117
512,122
513,138
514,143
515,159
516,164
517,17A
518,185
519,190
520,208
521,213
522,229
523,234
524,24A
525,255
526,260
527,276
528,281
529,297
530,304
531,31A
532,325
533,330
534,346
535,351
536,367
537,372
538,388
539,393
540,400
541,416
542,421
543,437
544,442
545,458
546,463
547,479
548,484
549,49A
550,507
551,512
552,528
553,533
554,549
555,554
556,56A
557,575
558,580
559,596
560,603
561,619
562,624
563,63A
564,645
565,650
566,666
567,671
568,687
569,692
570,70A
571,715
572,720
573,736
574,741
575,757
576,762
577,778
578,783
579,799
580,806
581,811
582,827
583,832
584,848
585,853
586,869
587,874
588,88A
589,895
590,902
591,918
592,923
593,939
594,944
595,95A
596,965
597,970
598,986
599,991
600,006
601,011
602,027
603,032
604,048
605,053
606,069
607,074
608,08A
609,095
610,102
611,118
612,123
613,139
614,144
615,15A
616,165
617,170
618,186
619,191
620,209
621,214
622,22A
623,235
624,240
625,256
626,261
627,277
628,282
629,298
630,305
631,310
632,326
633,331
634,347
635,352
636,368
637,373
638,389
639,394
640,401
641,417
642,422
643,438
644,443
645,459
646,464
647,47A
648,485
649,490
650,508
651,513
652,529
653,534
654,54A
655,555
656,560
657,576
658,581
659,597
660,604
661,61A
662,625
663,630
664,646
665,651
666,667
667,672
668,688
669,693
670,700
671,716
672,721
673,737
674,742
675,758
676,763
677,779
678,784
679,79A
680,807
681,812
682,828
683,833
684,849
685,854
686,86A
687,875
688,880
689,896
690,903
691,919
692,924
693,93A
694,945
695,950
696,966
697,971
698,987
699,992
700,007
701,012
702,028
703,033
704,049
705,054
706,06A
707,075
708,080
709,096
710,103
711,119
712,124
713,13A
714,145
715,150
716,166
717,171
718,187
719,192
720,20A
721,215
722,220
723,236
724,241
725,257
726,262
727,278
728,283
729,299
730,306
731,311
732,327
733,332
734,348
735,353
736,369
737,374
738,38A
739,395
740,402
741,418
742,423
743,439
744,444
745,45A
746,465
747,470
748,486
749,491
750,509
751,514
752,52A
753,535
754,540
755,556
756,561
757,577
758,582
759,598
760,605
761,610
762,626
763,631
764,647
765,652
766,668
767,673
768,689
769,694
770,701
771,717
772,722
773,738
774,743
775,759
776,764
777,77A
778,785
779,790
780,808
781,813
782,829
783,834
784,84A
785,855
786,860
787,876
788,881
789,897
790,904
791,91A
792,925
793,930
794,946
795,951
796,967
797,972
798,988
799,993
800,008
801,013
802,029
803,034
804,04A
805,055
806,060
807,076
808,081
809,097
810,104
811,11A
812,125
813,130
814,146
815,151
816,167
817,172
818,188
819,193
820,200
821,216
822,221
823,237
824,242
825,258
826,263
827,279
828,284
829,29A
830,307
831,312
832,328
833,333
834,349
835,354
836,36A
837,375
838,380
839,396
840,403
841,419
842,424
843,43A
844,445
845,450
846,466
847,471
848,487
849,492
850,50A
851,515
852,520
853,536
854,541
855,557
856,562
857,578
858,583
859,599
860,606
861,611
862,627
863,632
864,648
865,653
866,669
867,674
868,68A
869,695
870,702
871,718
872,723
873,739
874,744
875,75A
876,765
877,770
878,786
879,791
880,809
881,814
882,82A
883,835
884,840
885,856
886,861
887,877
888,882
889,898
890,905
891,910
892,926
893,931
894,947
895,952
896,968
897,973
898,989
899,994
900,009
901,014
902,02A
903,035
904,040
905,056
906,061
907,077
908,082
909,098
910,105
911,110
912,126
913,131
914,147
915,152
916,168
917,173
918,189
919,194
920,201
921,217
922,222
923,238
924,243
925,259
926,264
927,27A
928,285
929,290
930,308
931,313
932,329
933,334
934,34A
935,355
936,360
937,376
938,381
939,397
940,404
941,41A
942,425
943,430
944,446
945,451
946,467
947,472
948,488
949,493
950,500
951,516
952,521
953,537
954,542
955,558
956,563
957,579
958,584
959,59A
960,607
961,612
962,628
963,633
964,649
965,654
966,66A
967,675
968,680
969,696
970,703
971,719
972,724
973,73A
974,745
975,750
976,766
977,771
978,787
979,792
980,80A
981,815
982,820
983,836
984,841
985,857
986,862
987,878
988,883
989,899
990,906
991,911
992,927
993,932
994,948
995,953
996,969
997,974
998,98A
999,995
A00,00A
A01,015
A02,020
A03,036
A04,041
A05,057
A06,062
A07,078
A08,083
A09,099
A10,106
A11,111
A12,127
A13,132
A14,148
A15,153
A16,169
A17,174
A18,18A
A19,195
A20,202
A21,218
A22,223
A23,239
A24,244
A25,25A
A26,265
A27,270
A28,286
A29,291
A30,309
A31,314
A32,32A
A33,335
A34,340
A35,356
A36,361
A37,377
A38,382
A39,398
A40,405
A41,410
A42,426
A43,431
A44,447
A45,452
A46,468
A47,473
A48,489
A49,494
A50,501
A51,517
A52,522
A53,538
A54,543
A55,559
A56,564
A57,57A
A58,585
A59,590
A60,608
A61,613
A62,629
A63,634
A64,64A
A65,655
A66,660
A67,676
A68,681
A69,697
A70,704
A71,71A
A72,725
A73,730
A74,746
A75,751
A76,767
A77,772
A78,788
A79,793
A80,800
A81,816
A82,821
A83,837
A84,842
A85,858
A86,863
A87,879
A88,884
A89,89A
A90,907
A91,912
A92,928
A93,933
A94,949
A95,954
A96,96A
A97,975
A98,980
A99,996
