000,000
001,018
002,025
003,032
004,04A
005,057
006,064
007,071
008,089
009,096
010,109
011,116
012,123
013,130
014,148
015,155
016,162
017,17A
018,187
019,194
020,207
021,214
022,221
023,239
024,246
025,253
026,260
027,278
028,285
029,292
030,305
031,312
032,32A
033,337
034,344
035,351
036,369
037,376
038,383
039,390
040,403
041,410
042,428
043,435
044,442
045,45A
046,467
047,474
048,481
049,499
050,501
051,519
052,526
053,533
054,540
055,558
056,565
057,572
058,58A
059,597
060,60A
061,617
062,624
063,631
064,649
065,656
066,663
067,670
068,688
069,695
070,708
071,715
072,722
073,73A
074,747
075,754
076,761
077,779
078,786
079,793
080,806
081,813
082,820
083,838
084,845
085,852
086,86A
087,877
088,884
089,891
090,904
091,911
092,929
093,936
094,943
095,950
096,968
097,975
098,982
099,99A
100,001
101,019
102,026
103,033
104,040
105,058
106,065
107,072
108,08A
109,097
110,10A
111,117
112,124
113,131
114,149
115,156
116,163
117,170
118,188
119,195
120,208
121,215
122,222
123,23A
124,247
125,254
126,261
127,279
128,286
129,293
130,306
131,313
132,320
133,338
134,345
135,352
136,36A
137,377
138,384
139,391
140,404
141,411
142,429
143,436
144,443
145,450
146,468
147,475
148,482
149,49A
150,502
151,51A
152,527
153,534
154,541
155,559
156,566
157,573
158,580
159,598
160,600
161,618
162,625
163,632
164,64A
165,657
166,664
167,671
168,689
169,696
170,709
171,716
172,723
173,730
174,748
175,755
176,762
177,77A
178,787
179,794
180,807
181,814
182,821
183,839
184,846
185,853
186,860
187,878
188,885
189,892
190,905
191,912
192,92A
193,937
194,944
195,951
196,969
197,976
198,983
199,990
200,002
201,01A
202,027
203,034
204,041
205,059
206,066
207,073
208,080
209,098
210,100
211,118
212,125
213,132
214,14A
215,157
216,164
217,171
218,189
219,196
220,209
221,216
222,223
223,230
224,248
225,255
226,262
227,27A
228,287
229,294
230,307
231,314
232,321
233,339
234,346
235,353
236,360
237,378
238,385
239,392
240,405
241,412
242,42A
243,437
244,444
245,451
246,469
247,476
248,483
249,490
250,503
251,510
252,528
253,535
254,542
255,55A
256,567
257,574
258,581
259,599
260,601
261,619
262,626
263,633
264,640
265,658
266,665
267,672
268,68A
269,697
270,70A
271,717
272,724
273,731
274,749
275,756
276,763
277,770
278,788
279,795
280,808
281,815
282,822
283,83A
284,847
285,854
286,861
287,879
288,886
289,893
290,906
291,913
292,920
293,938
294,945
295,952
296,96A
297,977
298,984
299,991
300,003
301,010
302,028
303,035
304,042
305,05A
306,067
307,074
308,081
309,099
310,101
311,119
312,126
313,133
314,140
315,158
316,165
317,172
318,18A
319,197
320,20A
321,217
322,224
323,231
324,249
325,256
326,263
327,270
328,288
329,295
330,308
331,315
332,322
333,33A
334,347
335,354
336,361
337,379
338,386
339,393
340,406
341,413
342,420
343,438
344,445
345,452
346,46A
347,477
348,484
349,491
350,504
351,511
352,529
353,536
354,543
355,550
356,568
357,575
358,582
359,59A
360,602
361,61A
362,627
363,634
364,641
365,659
366,666
367,673
368,680
369,698
370,700
371,718
372,725
373,732
374,74A
375,757
376,764
377,771
378,789
379,796
380,809
381,816
382,823
383,830
384,848
385,855
386,862
387,87A
388,887
389,894
390,907
391,914
392,921
393,939
394,946
395,953
396,960
397,978
398,985
399,992
400,004
401,011
402,029
403,036
404,043
405,050
406,068
407,075
408,082
409,09A
410,102
411,11A
412,127
413,134
414,141
415,159
416,166
417,173
418,180
419,198
420,200
421,218
422,225
423,232
424,24A
425,257
426,264
427,271
428,289
429,296
430,309
431,316
432,323
433,330
434,348
435,355
436,362
437,37A
438,387
439,394
440,407
441,414
442,421
443,439
444,446
445,453
446,460
447,478
448,485
449,492
450,505
451,512
452,52A
453,537
454,544
455,551
456,569
457,576
458,583
459,590
460,603
461,610
462,628
463,635
464,642
465,65A
466,667
467,674
468,681
469,699
470,701
471,719
472,726
473,733
474,740
475,758
476,765
477,772
478,78A
479,797
480,80A
481,817
482,824
483,831
484,849
485,856
486,863
487,870
488,888
489,895
490,908
491,915
492,922
493,93A
494,947
495,954
496,961
497,979
498,986
499,993
500,005
501,012
502,02A
503,037
504,044
505,051
506,069
507,076
508,083
509,090
510,103
511,110
512,128
513,135
514,142
515,15A
516,167
517,174
518,181
519,199
520,201
521,219
522,226
523,233
524,240
525,258
526,265
527,272
528,28A
529,297
530,30A
531,317
532,324
533,331
534,349
535,356
536,363
537,370
538,388
539,395
540,408
541,415
542,422
543,43A
544,447
545,454
546,461
547,479
548,486
549,493
550,506
551,513
552,520
553,538
554,545
555,552
556,56A
557,577
558,584
559,591
560,604
561,611
562,629
563,636
564,643
565,650
566,668
567,675
568,682
569,69A
570,702
571,71A
572,727
573,734
574,741
575,759
576,766
577,773
578,780
579,798
580,800
581,818
582,825
583,832
584,84A
585,857
586,864
587,871
588,889
589,896
590,909
591,916
592,923
593,930
594,948
595,955
596,962
597,97A
598,987
599,994
600,006
601,013
602,020
603,038
604,045
605,052
606,06A
607,077
608,084
609,091
610,104
611,111
612,129
613,136
614,143
615,150
616,168
617,175
618,182
619,19A
620,202
621,21A
622,227
623,234
624,241
625,259
626,266
627,273
628,280
629,298
630,300
631,318
632,325
633,332
634,34A
635,357
636,364
637,371
638,389
639,396
640,409
641,416
642,423
643,430
644,448
645,455
646,462
647,47A
648,487
649,494
650,507
651,514
652,521
653,539
654,546
655,553
656,560
657,578
658,585
659,592
660,605
661,612
662,62A
663,637
664,644
665,651
666,669
667,676
668,683
669,690
670,703
671,710
672,728
673,735
674,742
675,75A
676,767
677,774
678,781
679,799
680,801
681,819
682,826
683,833
684,840
685,858
686,865
687,872
688,88A
689,897
690,90A
691,917
692,924
693,931
694,949
695,956
696,963
697,970
698,988
699,995
700,007
701,014
702,021
703,039
704,046
705,053
706,060
707,078
708,085
709,092
710,105
711,112
712,12A
713,137
714,144
715,151
716,169
717,176
718,183
719,190
720,203
721,210
722,228
723,235
724,242
725,25A
726,267
727,274
728,281
729,299
730,301
731,319
732,326
733,333
734,340
735,358
736,365
737,372
738,38A
739,397
740,40A
741,417
742,424
743,431
744,449
745,456
746,463
747,470
748,488
749,495
750,508
751,515
752,522
753,53A
754,547
755,554
756,561
757,579
758,586
759,593
760,606
761,613
762,620
763,638
764,645
765,652
766,66A
767,677
768,684
769,691
770,704
771,711
772,729
773,736
774,743
775,750
776,768
777,775
778,782
779,79A
780,802
781,81A
782,827
783,834
784,841
785,859
786,866
787,873
788,880
789,898
790,900
791,918
792,925
793,932
794,94A
795,957
796,964
797,971
798,989
799,996
800,008
801,015
802,022
803,03A
804,047
805,054
806,061
807,079
808,086
809,093
810,106
811,113
812,120
813,138
814,145
815,152
816,16A
817,177
818,184
819,191
820,204
821,211
822,229
823,236
824,243
825,250
826,268
827,275
828,282
829,29A
830,302
831,31A
832,327
833,334
834,341
835,359
836,366
837,373
838,380
839,398
840,400
841,418
842,425
843,432
844,44A
845,457
846,464
847,471
848,489
849,496
850,509
851,516
852,523
853,530
854,548
855,555
856,562
857,57A
858,587
859,594
860,607
861,614
862,621
863,639
864,646
865,653
866,660
867,678
868,685
869,692
870,705
871,712
872,72A
873,737
874,744
875,751
876,769
877,776
878,783
879,790
880,803
881,810
882,828
883,835
884,842
885,85A
886,867
887,874
888,881
889,899
890,901
891,919
892,926
893,933
894,940
895,958
896,965
897,972
898,98A
899,997
900,009
901,016
902,023
903,030
904,048
905,055
906,062
907,07A
908,087
909,094
910,107
911,114
912,121
913,139
914,146
915,153
916,160
917,178
918,185
919,192
920,205
921,212
922,22A
923,237
924,244
925,251
926,269
927,276
928,283
929,290
930,303
931,310
932,328
933,335
934,342
935,35A
936,367
937,374
938,381
939,399
940,401
941,419
942,426
943,433
944,440
945,458
946,465
947,472
948,48A
949,497
950,50A
951,517
952,524
953,531
954,549
955,556
956,563
957,570
958,588
959,595
960,608
961,615
962,622
963,63A
964,647
965,654
966,661
967,679
968,686
969,693
970,706
971,713
972,720
973,738
974,745
975,752
976,76A
977,777
978,784
979,791
980,804
981,811
982,829
983,836
984,843
985,850
986,868
987,875
988,882
989,89A
990,902
991,91A
992,927
993,934
994,941
995,959
996,966
997,973
998,980
999,998
A00,00A
A01,017
A02,024
A03,031
A04,049
A05,056
A06,063
A07,070
A08,088
A09,095
A10,108
A11,115
A12,122
A13,13A
A14,147
A15,154
A16,161
A17,179
A18,186
A19,193
A20,206
A21,213
A22,220
A23,238
A24,245
A25,252
A26,26A
A27,277
A28,284
A29,291
A30,304
A31,311
A32,329
A33,336
A34,343
A35,350
A36,368
A37,375
A38,382
A39,39A
A40,402
A41,41A
A42,427
A43,434
A44,441
A45,459
A46,466
A47,473
A48,480
A49,498
A50,500
A51,518
A52,525
A53,532
A54,54A
A55,557
A56,564
A57,571
A58,589
A59,596
A60,609
A61,616
A62,623
A63,630
A64,648
A65,655
A66,662
A67,67A
A68,687
A69,694
A70,707
A71,714
A72,721
A73,739
A74,746
A75,753
A76,760
A77,778
A78,785
A79,792
A80,805
A81,812
A82,82A
A83,837
A84,844
A85,851
A86,869
A87,876
A88,883
A89,890
A90,903
A91,910
A92,928
A93,935
A94,942
A95,95A
A96,967
A97,974
A98,981
A99,999
