000,000
001,01A
002,029
003,038
004,047
005,056
006,065
007,074
008,083
009,092
010,100
011,11A
012,129
013,138
014,147
015,156
016,165
017,174
018,183
019,192
020,200
021,21A
022,229
023,238
024,247
025,256
026,265
027,274
028,283
029,292
030,300
031,31A
032,329
033,338
034,347
035,356
036,365
037,374
038,383
039,392
040,400
041,41A
042,429
043,438
044,447
045,456
046,465
047,474
048,483
049,492
050,500
051,51A
052,529
053,538
054,547
055,556
056,565
057,574
058,583
059,592
060,600
061,61A
062,629
063,638
064,647
065,656
066,665
067,674
068,683
069,692
070,700
071,71A
072,729
073,738
074,747
075,756
076,765
077,774
078,783
079,792
080,800
081,81A
082,829
083,838
084,847
085,856
086,865
087,874
088,883
089,892
090,900
091,91A
092,929
093,938
094,947
095,956
096,965
097,974
098,983
099,992
100,001
101,010
102,02A
103,039
104,048
105,057
106,066
107,075
108,084
109,093
110,101
111,110
112,12A
113,139
114,148
115,157
116,166
117,175
118,184
119,193
120,201
121,210
122,22A
123,239
124,248
125,257
126,266
127,275
128,284
129,293
130,301
131,310
132,32A
133,339
134,348
135,357
136,366
137,375
138,384
139,393
140,401
141,410
142,42A
143,439
144,448
145,457
146,466
147,475
148,484
149,493
150,501
151,510
152,52A
153,539
154,548
155,557
156,566
157,575
158,584
159,593
160,601
161,610
162,62A
163,639
164,648
165,657
166,666
167,675
168,684
169,693
170,701
171,710
172,72A
173,739
174,748
175,757
176,766
177,775
178,784
179,793
180,801
181,810
182,82A
183,839
184,848
185,857
186,866
187,875
188,884
189,893
190,901
191,910
192,92A
193,939
194,948
195,957
196,966
197,975
198,984
199,993
200,002
201,011
202,020
203,03A
204,049
205,058
206,067
207,076
208,085
209,094
210,102
211,111
212,120
213,13A
214,149
215,158
216,167
217,176
218,185
219,194
220,202
221,211
222,220
223,23A
224,249
225,258
226,267
227,276
228,285
229,294
230,302
231,311
232,320
233,33A
234,349
235,358
236,367
237,376
238,385
239,394
240,402
241,411
242,420
243,43A
244,449
245,458
246,467
247,476
248,485
249,494
250,502
251,511
252,520
253,53A
254,549
255,558
256,567
257,576
258,585
259,594
260,602
261,611
262,620
263,63A
264,649
265,658
266,667
267,676
268,685
269,694
270,702
271,711
272,720
273,73A
274,749
275,758
276,767
277,776
278,785
279,794
280,802
281,811
282,820
283,83A
284,849
285,858
286,867
287,876
288,885
289,894
290,902
291,911
292,920
293,93A
294,949
295,958
296,967
297,976
298,985
299,994
300,003
301,012
302,021
303,030
304,04A
305,059
306,068
307,077
308,086
309,095
310,103
311,112
312,121
313,130
314,14A
315,159
316,168
317,177
318,186
319,195
320,203
321,212
322,221
323,230
324,24A
325,259
326,268
327,277
328,286
329,295
330,303
331,312
332,321
333,330
334,34A
335,359
336,368
337,377
338,386
339,395
340,403
341,412
342,421
343,430
344,44A
345,459
346,468
347,477
348,486
349,495
350,503
351,512
352,521
353,530
354,54A
355,559
356,568
357,577
358,586
359,595
360,603
361,612
362,621
363,630
364,64A
365,659
366,668
367,677
368,686
369,695
370,703
371,712
372,721
373,730
374,74A
375,759
376,768
377,777
378,786
379,795
380,803
381,812
382,821
383,830
384,84A
385,859
386,868
387,877
388,886
389,895
390,903
391,912
392,921
393,930
394,94A
395,959
396,968
397,977
398,986
399,995
400,004
401,013
402,022
403,031
404,040
405,05A
406,069
407,078
408,087
409,096
410,104
411,113
412,122
413,131
414,140
415,15A
416,169
417,178
418,187
419,196
420,204
421,213
422,222
423,231
424,240
425,25A
426,269
427,278
428,287
429,296
430,304
431,313
432,322
433,331
434,340
435,35A
436,369
437,378
438,387
439,396
440,404
441,413
442,422
443,431
444,440
445,45A
446,469
447,478
448,487
449,496
450,504
451,513
452,522
453,531
454,540
455,55A
456,569
457,578
458,587
459,596
460,604
461,613
462,622
463,631
464,640
465,65A
466,669
467,678
468,687
469,696
470,704
471,713
472,722
473,731
474,740
475,75A
476,769
477,778
478,787
479,796
480,804
481,813
482,822
483,831
484,840
485,85A
486,869
487,878
488,887
489,896
490,904
491,913
492,922
493,931
494,940
495,95A
496,969
497,978
498,987
499,996
500,005
501,014
502,023
503,032
504,041
505,050
506,06A
507,079
508,088
509,097
510,105
511,114
512,123
513,132
514,141
515,150
516,16A
517,179
518,188
519,197
520,205
521,214
522,223
523,232
524,241
525,250
526,26A
527,279
528,288
529,297
530,305
531,314
532,323
533,332
534,341
535,350
536,36A
537,379
538,388
539,397
540,405
541,414
542,423
543,432
544,441
545,450
546,46A
547,479
548,488
549,497
550,505
551,514
552,523
553,532
554,541
555,550
556,56A
557,579
558,588
559,597
560,605
561,614
562,623
563,632
564,641
565,650
566,66A
567,679
568,688
569,697
570,705
571,714
572,723
573,732
574,741
575,750
576,76A
577,779
578,788
579,797
580,805
581,814
582,823
583,832
584,841
585,850
586,86A
587,879
588,888
589,897
590,905
591,914
592,923
593,932
594,941
595,950
596,96A
597,979
598,988
599,997
600,006
601,015
602,024
603,033
604,042
605,051
606,060
607,07A
608,089
609,098
610,106
611,115
612,124
613,133
614,142
615,151
616,160
617,17A
618,189
619,198
620,206
621,215
622,224
623,233
624,242
625,251
626,260
627,27A
628,289
629,298
630,306
631,315
632,324
633,333
634,342
635,351
636,360
637,37A
638,389
639,398
640,406
641,415
642,424
643,433
644,442
645,451
646,460
647,47A
648,489
649,498
650,506
651,515
652,524
653,533
654,542
655,551
656,560
657,57A
658,589
659,598
660,606
661,615
662,624
663,633
664,642
665,651
666,660
667,67A
668,689
669,698
670,706
671,715
672,724
673,733
674,742
675,751
676,760
677,77A
678,789
679,798
680,806
681,815
682,824
683,833
684,842
685,851
686,860
687,87A
688,889
689,898
690,906
691,915
692,924
693,933
694,942
695,951
696,960
697,97A
698,989
699,998
700,007
701,016
702,025
703,034
704,043
705,052
706,061
707,070
708,08A
709,099
710,107
711,116
712,125
713,134
714,143
715,152
716,161
717,170
718,18A
719,199
720,207
721,216
722,225
723,234
724,243
725,252
726,261
727,270
728,28A
729,299
730,307
731,316
732,325
733,334
734,343
735,352
736,361
737,370
738,38A
739,399
740,407
741,416
742,425
743,434
744,443
745,452
746,461
747,470
748,48A
749,499
750,507
751,516
752,525
753,534
754,543
755,552
756,561
757,570
758,58A
759,599
760,607
761,616
762,625
763,634
764,643
765,652
766,661
767,670
768,68A
769,699
770,707
771,716
772,725
773,734
774,743
775,752
776,761
777,770
778,78A
779,799
780,807
781,816
782,825
783,834
784,843
785,852
786,861
787,870
788,88A
789,899
790,907
791,916
792,925
793,934
794,943
795,952
796,961
797,970
798,98A
799,999
800,008
801,017
802,026
803,035
804,044
805,053
806,062
807,071
808,080
809,09A
810,108
811,117
812,126
813,135
814,144
815,153
816,162
817,171
818,180
819,19A
820,208
821,217
822,226
823,235
824,244
825,253
826,262
827,271
828,280
829,29A
830,308
831,317
832,326
833,335
834,344
835,353
836,362
837,371
838,380
839,39A
840,408
841,417
842,426
843,435
844,444
845,453
846,462
847,471
848,480
849,49A
850,508
851,517
852,526
853,535
854,544
855,553
856,562
857,571
858,580
859,59A
860,608
861,617
862,626
863,635
864,644
865,653
866,662
867,671
868,680
869,69A
870,708
871,717
872,726
873,735
874,744
875,753
876,762
877,771
878,780
879,79A
880,808
881,817
882,826
883,835
884,844
885,853
886,862
887,871
888,880
889,89A
890,908
891,917
892,926
893,935
894,944
895,953
896,962
897,971
898,980
899,99A
900,009
901,018
902,027
903,036
904,045
905,054
906,063
907,072
908,081
909,090
910,109
911,118
912,127
913,136
914,145
915,154
916,163
917,172
918,181
919,190
920,209
921,218
922,227
923,236
924,245
925,254
926,263
927,272
928,281
929,290
930,309
931,318
932,327
933,336
934,345
935,354
936,363
937,372
938,381
939,390
940,409
941,418
942,427
943,436
944,445
945,454
946,463
947,472
948,481
949,490
950,509
951,518
952,527
953,536
954,545
955,554
956,563
957,572
958,581
959,590
960,609
961,618
962,627
963,636
964,645
965,654
966,663
967,672
968,681
969,690
970,709
971,718
972,727
973,736
974,745
975,754
976,763
977,772
978,781
979,790
980,809
981,818
982,827
983,836
984,845
985,854
986,863
987,872
988,881
989,890
990,909
991,918
992,927
993,936
994,945
995,954
996,963
997,972
998,981
999,990
A00,00A
A01,019
A02,028
A03,037
A04,046
A05,055
A06,064
A07,073
A08,082
A09,091
A10,10A
A11,119
A12,128
A13,137
A14,146
A15,155
A16,164
A17,173
A18,182
A19,191
A20,20A
A21,219
A22,228
A23,237
A24,246
A25,255
A26,264
A27,273
A28,282
A29,291
A30,30A
A31,319
A32,328
A33,337
A34,346
A35,355
A36,364
A37,373
A38,382
A39,391
A40,40A
A41,419
A42,428
A43,437
A44,446
A45,455
A46,464
A47,473
A48,482
A49,491
A50,50A
A51,519
A52,528
A53,537
A54,546
A55,555
A56,564
A57,573
A58,582
A59,591
A60,60A
A61,619
A62,628
A63,637
A64,646
A65,655
A66,664
A67,673
A68,682
A69,691
A70,70A
A71,719
A72,728
A73,737
A74,746
A75,755
A76,764
A77,773
A78,782
A79,791
A80,80A
A81,819
A82,828
A83,837
A84,846
A85,855
A86,864
A87,873
A88,882
A89,891
A90,90A
A91,919
A92,928
A93,937
A94,946
A95,955
A96,964
A97,973
A98,982
A99,991
