000,000
001,017
002,023
003,03A
004,046
005,052
006,069
007,075
008,081
009,098
010,106
011,112
012,129
013,135
014,141
015,158
016,164
017,170
018,187
019,193
020,201
021,218
022,224
023,230
024,247
025,253
026,26A
027,276
028,282
029,299
030,307
031,313
032,32A
033,336
034,342
035,359
036,365
037,371
038,388
039,394
040,402
041,419
042,425
043,431
044,448
045,454
046,460
047,477
048,483
049,49A
050,508
051,514
052,520
053,537
054,543
055,55A
056,566
057,572
058,589
059,595
060,603
061,61A
062,626
063,632
064,649
065,655
066,661
067,678
068,684
069,690
070,709
071,715
072,721
073,738
074,744
075,750
076,767
077,773
078,78A
079,796
080,804
081,810
082,827
083,833
084,84A
085,856
086,862
087,879
088,885
089,891
090,90A
091,916
092,922
093,939
094,945
095,951
096,968
097,974
098,980
099,997
100,001
101,018
102,024
103,030
104,047
105,053
106,06A
107,076
108,082
109,099
110,107
111,113
112,12A
113,136
114,142
115,159
116,165
117,171
118,188
119,194
120,202
121,219
122,225
123,231
124,248
125,254
126,260
127,277
128,283
129,29A
130,308
131,314
132,320
133,337
134,343
135,35A
136,366
137,372
138,389
139,395
140,403
141,41A
142,426
143,432
144,449
145,455
146,461
147,478
148,484
149,490
150,509
151,515
152,521
153,538
154,544
155,550
156,567
157,573
158,58A
159,596
160,604
161,610
162,627
163,633
164,64A
165,656
166,662
167,679
168,685
169,691
170,70A
171,716
172,722
173,739
174,745
175,751
176,768
177,774
178,780
179,797
180,805
181,811
182,828
183,834
184,840
185,857
186,863
187,87A
188,886
189,892
190,900
191,917
192,923
193,93A
194,946
195,952
196,969
197,975
198,981
199,998
200,002
201,019
202,025
203,031
204,048
205,054
206,060
207,077
208,083
209,09A
210,108
211,114
212,120
213,137
214,143
215,15A
216,166
217,172
218,189
219,195
220,203
221,21A
222,226
223,232
224,249
225,255
226,261
227,278
228,284
229,290
230,309
231,315
232,321
233,338
234,344
235,350
236,367
237,373
238,38A
239,396
240,404
241,410
242,427
243,433
244,44A
245,456
246,462
247,479
248,485
249,491
250,50A
251,516
252,522
253,539
254,545
255,551
256,568
257,574
258,580
259,597
260,605
261,611
262,628
263,634
264,640
265,657
266,663
267,67A
268,686
269,692
270,700
271,717
272,723
273,73A
274,746
275,752
276,769
277,775
278,781
279,798
280,806
281,812
282,829
283,835
284,841
285,858
286,864
287,870
288,887
289,893
290,901
291,918
292,924
293,930
294,947
295,953
296,96A
297,976
298,982
299,999
300,003
301,01A
302,026
303,032
304,049
305,055
306,061
307,078
308,084
309,090
310,109
311,115
312,121
313,138
314,144
315,150
316,167
317,173
318,18A
319,196
320,204
321,210
322,227
323,233
324,24A
325,256
326,262
327,279
328,285
329,291
330,30A
331,316
332,322
333,339
334,345
335,351
336,368
337,374
338,380
339,397
340,405
341,411
342,428
343,434
344,440
345,457
346,463
347,47A
348,486
349,492
350,500
351,517
352,523
353,53A
354,546
355,552
356,569
357,575
358,581
359,598
360,606
361,612
362,629
363,635
364,641
365,658
366,664
367,670
368,687
369,693
370,701
371,718
372,724
373,730
374,747
375,753
376,76A
377,776
378,782
379,799
380,807
381,813
382,82A
383,836
384,842
385,859
386,865
387,871
388,888
389,894
390,902
391,919
392,925
393,931
394,948
395,954
396,960
397,977
398,983
399,99A
400,004
401,010
402,027
403,033
404,04A
405,056
406,062
407,079
408,085
409,091
410,10A
411,116
412,122
413,139
414,145
415,151
416,168
417,174
418,180
419,197
420,205
421,211
422,228
423,234
424,240
425,257
426,263
427,27A
428,286
429,292
430,300
431,317
432,323
433,33A
434,346
435,352
436,369
437,375
438,381
439,398
440,406
441,412
442,429
443,435
444,441
445,458
446,464
447,470
448,487
449,493
450,501
451,518
452,524
453,530
454,547
455,553
456,56A
457,576
458,582
459,599
460,607
461,613
462,62A
463,636
464,642
465,659
466,665
467,671
468,688
469,694
470,702
471,719
472,725
473,731
474,748
475,754
476,760
477,777
478,783
479,79A
480,808
481,814
482,820
483,837
484,843
485,85A
486,866
487,872
488,889
489,895
490,903
491,91A
492,926
493,932
494,949
495,955
496,961
497,978
498,984
499,990
500,005
501,011
502,028
503,034
504,040
505,057
506,063
507,07A
508,086
509,092
510,100
511,117
512,123
513,13A
514,146
515,152
516,169
517,175
518,181
519,198
520,206
521,212
522,229
523,235
524,241
525,258
526,264
527,270
528,287
529,293
530,301
531,318
532,324
533,330
534,347
535,353
536,36A
537,376
538,382
539,399
540,407
541,413
542,42A
543,436
544,442
545,459
546,465
547,471
548,488
549,494
550,502
551,519
552,525
553,531
554,548
555,554
556,560
557,577
558,583
559,59A
560,608
561,614
562,620
563,637
564,643
565,65A
566,666
567,672
568,689
569,695
570,703
571,71A
572,726
573,732
574,749
575,755
576,761
577,778
578,784
579,790
580,809
581,815
582,821
583,838
584,844
585,850
586,867
587,873
588,88A
589,896
590,904
591,910
592,927
593,933
594,94A
595,956
596,962
597,979
598,985
599,991
600,006
601,012
602,029
603,035
604,041
605,058
606,064
607,070
608,087
609,093
610,101
611,118
612,124
613,130
614,147
615,153
616,16A
617,176
618,182
619,199
620,207
621,213
622,22A
623,236
624,242
625,259
626,265
627,271
628,288
629,294
630,302
631,319
632,325
633,331
634,348
635,354
636,360
637,377
638,383
639,39A
640,408
641,414
642,420
643,437
644,443
645,45A
646,466
647,472
648,489
649,495
650,503
651,51A
652,526
653,532
654,549
655,555
656,561
657,578
658,584
659,590
660,609
661,615
662,621
663,638
664,644
665,650
666,667
667,673
668,68A
669,696
670,704
671,710
672,727
673,733
674,74A
675,756
676,762
677,779
678,785
679,791
680,80A
681,816
682,822
683,839
684,845
685,851
686,868
687,874
688,880
689,897
690,905
691,911
692,928
693,934
694,940
695,957
696,963
697,97A
698,986
699,992
700,007
701,013
702,02A
703,036
704,042
705,059
706,065
707,071
708,088
709,094
710,102
711,119
712,125
713,131
714,148
715,154
716,160
717,177
718,183
719,19A
720,208
721,214
722,220
723,237
724,243
725,25A
726,266
727,272
728,289
729,295
730,303
731,31A
732,326
733,332
734,349
735,355
736,361
737,378
738,384
739,390
740,409
741,415
742,421
743,438
744,444
745,450
746,467
747,473
748,48A
749,496
750,504
751,510
752,527
753,533
754,54A
755,556
756,562
757,579
758,585
759,591
760,60A
761,616
762,622
763,639
764,645
765,651
766,668
767,674
768,680
769,697
770,705
771,711
772,728
773,734
774,740
775,757
776,763
777,77A
778,786
779,792
780,800
781,817
782,823
783,83A
784,846
785,852
786,869
787,875
788,881
789,898
790,906
791,912
792,929
793,935
794,941
795,958
796,964
797,970
798,987
799,993
800,008
801,014
802,020
803,037
804,043
805,05A
806,066
807,072
808,089
809,095
810,103
811,11A
812,126
813,132
814,149
815,155
816,161
817,178
818,184
819,190
820,209
821,215
822,221
823,238
824,244
825,250
826,267
827,273
828,28A
829,296
830,304
831,310
832,327
833,333
834,34A
835,356
836,362
837,379
838,385
839,391
840,40A
841,416
842,422
843,439
844,445
845,451
846,468
847,474
848,480
849,497
850,505
851,511
852,528
853,534
854,540
855,557
856,563
857,57A
858,586
859,592
860,600
861,617
862,623
863,63A
864,646
865,652
866,669
867,675
868,681
869,698
870,706
871,712
872,729
873,735
874,741
875,758
876,764
877,770
878,787
879,793
880,801
881,818
882,824
883,830
884,847
885,853
886,86A
887,876
888,882
889,899
890,907
891,913
892,92A
893,936
894,942
895,959
896,965
897,971
898,988
899,994
900,009
901,015
902,021
903,038
904,044
905,050
906,067
907,073
908,08A
909,096
910,104
911,110
912,127
913,133
914,14A
915,156
916,162
917,179
918,185
919,191
920,20A
921,216
922,222
923,239
924,245
925,251
926,268
927,274
928,280
929,297
930,305
931,311
932,328
933,334
934,340
935,357
936,363
937,37A
938,386
939,392
940,400
941,417
942,423
943,43A
944,446
945,452
946,469
947,475
948,481
949,498
950,506
951,512
952,529
953,535
954,541
955,558
956,564
957,570
958,587
959,593
960,601
961,618
962,624
963,630
964,647
965,653
966,66A
967,676
968,682
969,699
970,707
971,713
972,72A
973,736
974,742
975,759
976,765
977,771
978,788
979,794
980,802
981,819
982,825
983,831
984,848
985,854
986,860
987,877
988,883
989,89A
990,908
991,914
992,920
993,937
994,943
995,95A
996,966
997,972
998,989
999,995
A00,00A
A01,016
A02,022
A03,039
A04,045
A05,051
A06,068
A07,074
A08,080
A09,097
A10,105
A11,111
A12,128
A13,134
A14,140
A15,157
A16,163
A17,17A
A18,186
A19,192
A20,200
A21,217
A22,223
A23,23A
A24,246
A25,252
A26,269
A27,275
A28,281
A29,298
A30,306
A31,312
A32,329
A33,335
A34,341
A35,358
A36,364
A37,370
A38,387
A39,393
A40,401
A41,418
A42,424
A43,430
A44,447
A45,453
A46,46A
A47,476
A48,482
A49,499
A50,507
A51,513
A52,52A
A53,536
A54,542
A55,559
A56,565
A57,571
A58,588
A59,594
A60,602
A61,619
A62,625
A63,631
A64,648
A65,654
A66,660
A67,677
A68,683
A69,69A
A70,708
A71,714
A72,720
A73,737
A74,743
A75,75A
A76,766
A77,772
A78,789
A79,795
A80,803
A81,81A
A82,826
A83,832
A84,849
A85,855
A86,861
A87,878
A88,884
A89,890
A90,909
A91,915
A92,921
A93,938
A94,944
A95,950
A96,967
A97,973
A98,98A
A99,996
