000,000
001,015
002,02A
003,034
004,049
005,053
006,068
007,072
008,087
009,091
010,104
011,119
012,123
013,138
014,142
015,157
016,161
017,176
018,180
019,195
020,208
021,212
022,227
023,231
024,246
025,250
026,265
027,27A
028,284
029,299
030,301
031,316
032,320
033,335
034,34A
035,354
036,369
037,373
038,388
039,392
040,405
041,41A
042,424
043,439
044,443
045,458
046,462
047,477
048,481
049,496
050,509
051,513
052,528
053,532
054,547
055,551
056,566
057,570
058,585
059,59A
060,602
061,617
062,621
063,636
064,640
065,655
066,66A
067,674
068,689
069,693
070,706
071,710
072,725
073,73A
074,744
075,759
076,763
077,778
078,782
079,797
080,80A
081,814
082,829
083,833
084,848
085,852
086,867
087,871
088,886
089,890
090,903
091,918
092,922
093,937
094,941
095,956
096,960
097,975
098,98A
099,994
100,001
101,016
102,020
103,035
104,04A
105,054
106,069
107,073
108,088
109,092
110,105
111,11A
112,124
113,139
114,143
115,158
116,162
117,177
118,181
119,196
120,209
121,213
122,228
123,232
124,247
125,251
126,266
127,270
128,285
129,29A
130,302
131,317
132,321
133,336
134,340
135,355
136,36A
137,374
138,389
139,393
140,406
141,410
142,425
143,43A
144,444
145,459
146,463
147,478
148,482
149,497
150,50A
151,514
152,529
153,533
154,548
155,552
156,567
157,571
158,586
159,590
160,603
161,618
162,622
163,637
164,641
165,656
166,660
167,675
168,68A
169,694
170,707
171,711
172,726
173,730
174,745
175,75A
176,764
177,779
178,783
179,798
180,800
181,815
182,82A
183,834
184,849
185,853
186,868
187,872
188,887
189,891
190,904
191,919
192,923
193,938
194,942
195,957
196,961
197,976
198,980
199,995
200,002
201,017
202,021
203,036
204,040
205,055
206,06A
207,074
208,089
209,093
210,106
211,110
212,125
213,13A
214,144
215,159
216,163
217,178
218,182
219,197
220,20A
221,214
222,229
223,233
224,248
225,252
226,267
227,271
228,286
229,290
230,303
231,318
232,322
233,337
234,341
235,356
236,360
237,375
238,38A
239,394
240,407
241,411
242,426
243,430
244,445
245,45A
246,464
247,479
248,483
249,498
250,500
251,515
252,52A
253,534
254,549
255,553
256,568
257,572
258,587
259,591
260,604
261,619
262,623
263,638
264,642
265,657
266,661
267,676
268,680
269,695
270,708
271,712
272,727
273,731
274,746
275,750
276,765
277,77A
278,784
279,799
280,801
281,816
282,820
283,835
284,84A
285,854
286,869
287,873
288,888
289,892
290,905
291,91A
292,924
293,939
294,943
295,958
296,962
297,977
298,981
299,996
300,003
301,018
302,022
303,037
304,041
305,056
306,060
307,075
308,08A
309,094
310,107
311,111
312,126
313,130
314,145
315,15A
316,164
317,179
318,183
319,198
320,200
321,215
322,22A
323,234
324,249
325,253
326,268
327,272
328,287
329,291
330,304
331,319
332,323
333,338
334,342
335,357
336,361
337,376
338,380
339,395
340,408
341,412
342,427
343,431
344,446
345,450
346,465
347,47A
348,484
349,499
350,501
351,516
352,520
353,535
354,54A
355,554
356,569
357,573
358,588
359,592
360,605
361,61A
362,624
363,639
364,643
365,658
366,662
367,677
368,681
369,696
370,709
371,713
372,728
373,732
374,747
375,751
376,766
377,770
378,785
379,79A
380,802
381,817
382,821
383,836
384,840
385,855
386,86A
387,874
388,889
389,893
390,906
391,910
392,925
393,93A
394,944
395,959
396,963
397,978
398,982
399,997
400,004
401,019
402,023
403,038
404,042
405,057
406,061
407,076
408,080
409,095
410,108
411,112
412,127
413,131
414,146
415,150
416,165
417,17A
418,184
419,199
420,201
421,216
422,220
423,235
424,24A
425,254
426,269
427,273
428,288
429,292
430,305
431,31A
432,324
433,339
434,343
435,358
436,362
437,377
438,381
439,396
440,409
441,413
442,428
443,432
444,447
445,451
446,466
447,470
448,485
449,49A
450,502
451,517
452,521
453,536
454,540
455,555
456,56A
457,574
458,589
459,593
460,606
461,610
462,625
463,63A
464,644
465,659
466,663
467,678
468,682
469,697
470,70A
471,714
472,729
473,733
474,748
475,752
476,767
477,771
478,786
479,790
480,803
481,818
482,822
483,837
484,841
485,856
486,860
487,875
488,88A
489,894
490,907
491,911
492,926
493,930
494,945
495,95A
496,964
497,979
498,983
499,998
500,005
501,01A
502,024
503,039
504,043
505,058
506,062
507,077
508,081
509,096
510,109
511,113
512,128
513,132
514,147
515,151
516,166
517,170
518,185
519,19A
520,202
521,217
522,221
523,236
524,240
525,255
526,26A
527,274
528,289
529,293
530,306
531,310
532,325
533,33A
534,344
535,359
536,363
537,378
538,382
539,397
540,40A
541,414
542,429
543,433
544,448
545,452
546,467
547,471
548,486
549,490
550,503
551,518
552,522
553,537
554,541
555,556
556,560
557,575
558,58A
559,594
560,607
561,611
562,626
563,630
564,645
565,65A
566,664
567,679
568,683
569,698
570,700
571,715
572,72A
573,734
574,749
575,753
576,768
577,772
578,787
579,791
580,804
581,819
582,823
583,838
584,842
585,857
586,861
587,876
588,880
589,895
590,908
591,912
592,927
593,931
594,946
595,950
596,965
597,97A
598,984
599,999
600,006
601,010
602,025
603,03A
604,044
605,059
606,063
607,078
608,082
609,097
610,10A
611,114
612,129
613,133
614,148
615,152
616,167
617,171
618,186
619,190
620,203
621,218
622,222
623,237
624,241
625,256
626,260
627,275
628,28A
629,294
630,307
631,311
632,326
633,330
634,345
635,35A
636,364
637,379
638,383
639,398
640,400
641,415
642,42A
643,434
644,449
645,453
646,468
647,472
648,487
649,491
650,504
651,519
652,523
653,538
654,542
655,557
656,561
657,576
658,580
659,595
660,608
661,612
662,627
663,631
664,646
665,650
666,665
667,67A
668,684
669,699
670,701
671,716
672,720
673,735
674,74A
675,754
676,769
677,773
678,788
679,792
680,805
681,81A
682,824
683,839
684,843
685,858
686,862
687,877
688,881
689,896
690,909
691,913
692,928
693,932
694,947
695,951
696,966
697,970
698,985
699,99A
700,007
701,011
702,026
703,030
704,045
705,05A
706,064
707,079
708,083
709,098
710,100
711,115
712,12A
713,134
714,149
715,153
716,168
717,172
718,187
719,191
720,204
721,219
722,223
723,238
724,242
725,257
726,261
727,276
728,280
729,295
730,308
731,312
732,327
733,331
734,346
735,350
736,365
737,37A
738,384
739,399
740,401
741,416
742,420
743,435
744,44A
745,454
746,469
747,473
748,488
749,492
750,505
751,51A
752,524
753,539
754,543
755,558
756,562
757,577
758,581
759,596
760,609
761,613
762,628
763,632
764,647
765,651
766,666
767,670
768,685
769,69A
770,702
771,717
772,721
773,736
774,740
775,755
776,76A
777,774
778,789
779,793
780,806
781,810
782,825
783,83A
784,844
785,859
786,863
787,878
788,882
789,897
790,90A
791,914
792,929
793,933
794,948
795,952
796,967
797,971
798,986
799,990
800,008
801,012
802,027
803,031
804,046
805,050
806,065
807,07A
808,084
809,099
810,101
811,116
812,120
813,135
814,14A
815,154
816,169
817,173
818,188
819,192
820,205
821,21A
822,224
823,239
824,243
825,258
826,262
827,277
828,281
829,296
830,309
831,313
832,328
833,332
834,347
835,351
836,366
837,370
838,385
839,39A
840,402
841,417
842,421
843,436
844,440
845,455
846,46A
847,474
848,489
849,493
850,506
851,510
852,525
853,53A
854,544
855,559
856,563
857,578
858,582
859,597
860,60A
861,614
862,629
863,633
864,648
865,652
866,667
867,671
868,686
869,690
870,703
871,718
872,722
873,737
874,741
875,756
876,760
877,775
878,78A
879,794
880,807
881,811
882,826
883,830
884,845
885,85A
886,864
887,879
888,883
889,898
890,900
891,915
892,92A
893,934
894,949
895,953
896,968
897,972
898,987
899,991
900,009
901,013
902,028
903,032
904,047
905,051
906,066
907,070
908,085
909,09A
910,102
911,117
912,121
913,136
914,140
915,155
916,16A
917,174
918,189
919,193
920,206
921,210
922,225
923,23A
924,244
925,259
926,263
927,278
928,282
929,297
930,30A
931,314
932,329
933,333
934,348
935,352
936,367
937,371
938,386
939,390
940,403
941,418
942,422
943,437
944,441
945,456
946,460
947,475
948,48A
949,494
950,507
951,511
952,526
953,530
954,545
955,55A
956,564
957,579
958,583
959,598
960,600
961,615
962,62A
963,634
964,649
965,653
966,668
967,672
968,687
969,691
970,704
971,719
972,723
973,738
974,742
975,757
976,761
977,776
978,780
979,795
980,808
981,812
982,827
983,831
984,846
985,850
986,865
987,87A
988,884
989,899
990,901
991,916
992,920
993,935
994,94A
995,954
996,969
997,973
998,988
999,992
A00,00A
A01,014
A02,029
A03,033
A04,048
A05,052
A06,067
A07,071
A08,086
A09,090
A10,103
A11,118
A12,122
A13,137
A14,141
A15,156
A16,160
A17,175
A18,18A
A19,194
A20,207
A21,211
A22,226
A23,230
A24,245
A25,25A
A26,264
A27,279
A28,283
A29,298
A30,300
A31,315
A32,32A
A33,334
A34,349
A35,353
A36,368
A37,372
A38,387
A39,391
A40,404
A41,419
A42,423
A43,438
A44,442
A45,457
A46,461
A47,476
A48,480
A49,495
A50,508
A51,512
A52,527
A53,531
A54,546
A55,550
A56,565
A57,57A
A58,584
A59,599
A60,601
A61,616
A62,620
A63,635
A64,64A
A65,654
A66,669
A67,673
A68,688
A69,692
A70,705
A71,71A
A72,724
A73,739
A74,743
A75,758
A76,762
A77,777
A78,781
A79,796
A80,809
A81,813
A82,828
A83,832
A84,847
A85,851
A86,866
A87,870
A88,885
A89,89A
A90,902
A91,917
A92,921
A93,936
A94,940
A95,955
A96,96A
A97,974
A98,989
A99,993
