00000,0000
00100,0116
00200,0213
00300,0302
00400,0400
00500,0507
00600,0604
00700,0701
00800,0809
00900,0906
01000,1007
01100,1104
01200,1201
01300,1309
01400,1406
01500,1503
01600,1600
01700,1708
01800,1805
01900,1902
02000,2003
02100,2100
02200,2208
02300,2305
02400,2402
02500,2500
02600,2607
02700,2704
02800,2801
02900,2909
03000,3000
03100,3107
03200,3204
03300,3301
03400,3409
03500,3506
03600,3603
03700,3700
03800,3808
03900,3905
04000,4006
04100,4103
04200,4200
04300,4308
04400,4405
04500,4502
04600,4600
04700,4707
04800,4804
04900,4901
05000,5002
05100,5100
05200,5207
05300,5304
05400,5401
05500,5509
05600,5606
05700,5703
05800,5800
05900,5908
06000,6009
06100,6106
06200,6203
06300,6300
06400,6408
06500,6505
06600,6602
06700,6700
06800,6807
06900,6904
07000,7005
07100,7102
07200,7200
07300,7307
07400,7404
07500,7501
07600,7609
07700,7706
07800,7803
07900,7900
08000,8001
08100,8109
08200,8206
08300,8303
08400,8400
08500,8508
08600,8605
08700,8702
08800,8800
08900,8907
09000,9008
09100,9105
09200,9202
09300,9300
09400,9407
09500,9504
09600,9601
09700,9709
09800,9806
09900,9903
10000,0019
10100,0116
10200,0213
10300,0310
10400,0418
10500,0515
10600,0612
10700,0710
10800,0817
10900,0914
11000,1015
11100,1112
11200,1210
11300,1317
11400,1414
11500,1511
11600,1619
11700,1716
11800,1813
11900,1910
12000,2011
12100,2119
12200,2216
12300,2313
12400,2410
12500,2518
12600,2615
12700,2712
12800,2810
12900,2917
13000,3018
13100,3115
13200,3212
13300,3310
13400,3417
13500,3514
13600,3611
13700,3719
13800,3816
13900,3913
14000,4014
14100,4111
14200,4219
14300,4316
14400,4413
14500,4510
14600,4618
14700,4715
14800,4812
14900,4910
15000,5010
15100,5118
15200,5215
15300,5312
15400,5410
15500,5517
15600,5614
15700,5711
15800,5819
15900,5916
16000,6017
16100,6114
16200,6211
16300,6319
16400,6416
16500,6513
16600,6610
16700,6718
16800,6815
16900,6912
17000,7013
17100,7110
17200,7218
17300,7315
17400,7412
17500,7510
17600,7617
17700,7714
17800,7811
17900,7919
18000,8010
18100,8117
18200,8214
18300,8311
18400,8419
18500,8516
18600,8613
18700,8710
18800,8818
18900,8915
19000,9016
19100,9113
19200,9210
19300,9318
19400,9415
19500,9512
19600,9610
19700,9717
19800,9814
19900,9911
20000,0027
20100,0124
20200,0221
20300,0329
20400,0426
20500,0523
20600,0620
20700,0728
20800,0825
20900,0922
21000,1023
21100,1120
21200,1228
21300,1325
21400,1422
21500,1520
21600,1627
21700,1724
21800,1821
21900,1929
22000,2020
22100,2127
22200,2224
22300,2321
22400,2429
22500,2526
22600,2623
22700,2720
22800,2828
22900,2925
23000,3026
23100,3123
23200,3220
23300,3328
23400,3425
23500,3522
23600,3620
23700,3727
23800,3824
23900,3921
24000,4022
24100,4120
24200,4227
24300,4324
24400,4421
24500,4529
24600,4626
24700,4723
24800,4820
24900,4928
25000,5029
25100,5126
25200,5223
25300,5320
25400,5428
25500,5525
25600,5622
25700,5720
25800,5827
25900,5924
26000,6025
26100,6122
26200,6220
26300,6327
26400,6424
26500,6521
26600,6629
26700,6726
26800,6823
26900,6920
27000,7021
27100,7129
27200,7226
27300,7323
27400,7420
27500,7528
27600,7625
27700,7722
27800,7820
27900,7927
28000,8028
28100,8125
28200,8222
28300,8320
28400,8427
28500,8524
28600,8621
28700,8729
28800,8826
28900,8923
29000,9024
29100,9121
29200,9229
29300,9326
29400,9423
29500,9520
29600,9628
29700,9725
29800,9822
29900,9920
30000,0035
30100,0132
30200,0230
30300,0337
30400,0434
30500,0531
30600,0639
30700,0736
30800,0833
30900,0930
31000,1031
31100,1139
31200,1236
31300,1333
31400,1430
31500,1538
31600,1635
31700,1732
31800,1830
31900,1937
32000,2038
32100,2135
32200,2232
32300,2330
32400,2437
32500,2534
32600,2631
32700,2739
32800,2836
32900,2933
33000,3034
33100,3131
33200,3239
33300,3336
33400,3433
33500,3530
33600,3638
33700,3735
33800,3832
33900,3930
34000,4030
34100,4138
34200,4235
34300,4332
34400,4430
34500,4537
34600,4634
34700,4731
34800,4839
34900,4936
35000,5037
35100,5134
35200,5231
35300,5339
35400,5436
35500,5533
35600,5630
35700,5738
35800,5835
35900,5932
36000,6033
36100,6130
36200,6238
36300,6335
36400,6432
36500,6530
36600,6637
36700,6734
36800,6831
36900,6939
37000,7030
37100,7137
37200,7234
37300,7331
37400,7439
37500,7536
37600,7633
37700,7730
37800,7838
37900,7935
38000,8036
38100,8133
38200,8230
38300,8338
38400,8435
38500,8532
38600,8630
38700,8737
38800,8834
38900,8931
39000,9032
39100,9130
39200,9237
39300,9334
39400,9431
39500,9539
39600,9636
39700,9733
39800,9830
39900,9938
40000,0043
40100,0141
40200,0248
40300,0345
40400,0442
40500,0540
40600,0647
40700,0744
40800,0841
40900,0949
41000,1040
41100,1147
41200,1244
41300,1341
41400,1449
41500,1546
41600,1643
41700,1740
41800,1848
41900,1945
42000,2046
42100,2143
42200,2240
42300,2348
42400,2445
42500,2542
42600,2640
42700,2747
42800,2844
42900,2941
43000,3042
43100,3140
43200,3247
43300,3344
43400,3441
43500,3549
43600,3646
43700,3743
43800,3840
43900,3948
44000,4049
44100,4146
44200,4243
44300,4340
44400,4448
44500,4545
44600,4642
44700,4740
44800,4847
44900,4944
45000,5045
45100,5142
45200,5240
45300,5347
45400,5444
45500,5541
45600,5649
45700,5746
45800,5843
45900,5940
46000,6041
46100,6149
46200,6246
46300,6343
46400,6440
46500,6548
46600,6645
46700,6742
46800,6840
46900,6947
47000,7048
47100,7145
47200,7242
47300,7340
47400,7447
47500,7544
47600,7641
47700,7749
47800,7846
47900,7943
48000,8044
48100,8141
48200,8249
48300,8346
48400,8443
48500,8540
48600,8648
48700,8745
48800,8842
48900,8940
49000,9040
49100,9148
49200,9245
49300,9342
49400,9440
49500,9547
49600,9644
49700,9741
49800,9849
49900,9946
50000,0051
50100,0159
50200,0256
50300,0353
50400,0450
50500,0558
50600,0655
50700,0752
50800,0850
50900,0957
51000,1058
51100,1155
51200,1252
51300,1350
51400,1457
51500,1554
51600,1651
51700,1759
51800,1856
51900,1953
52000,2054
52100,2151
52200,2259
52300,2356
52400,2453
52500,2550
52600,2658
52700,2755
52800,2852
52900,2950
53000,3050
53100,3158
53200,3255
53300,3352
53400,3450
53500,3557
53600,3654
53700,3751
53800,3859
53900,3956
54000,4057
54100,4154
54200,4251
54300,4359
54400,4456
54500,4553
54600,4650
54700,4758
54800,4855
54900,4952
55000,5053
55100,5150
55200,5258
55300,5355
55400,5452
55500,5550
55600,5657
55700,5754
55800,5851
55900,5959
56000,6050
56100,6157
56200,6254
56300,6351
56400,6459
56500,6556
56600,6653
56700,6750
56800,6858
56900,6955
57000,7056
57100,7153
57200,7250
57300,7358
57400,7455
57500,7552
57600,7650
57700,7757
57800,7854
57900,7951
58000,8052
58100,8150
58200,8257
58300,8354
58400,8451
58500,8559
58600,8656
58700,8753
58800,8850
58900,8958
59000,9059
59100,9156
59200,9253
59300,9350
59400,9458
59500,9555
59600,9652
59700,9750
59800,9857
59900,9954
60000,0060
60100,0167
60200,0264
60300,0361
60400,0469
60500,0566
60600,0663
60700,0760
60800,0868
60900,0965
61000,1066
61100,1163
61200,1260
61300,1368
61400,1465
61500,1562
61600,1660
61700,1767
61800,1864
61900,1961
62000,2062
62100,2160
62200,2267
62300,2364
62400,2461
62500,2569
62600,2666
62700,2763
62800,2860
62900,2968
63000,3069
63100,3166
63200,3263
63300,3360
63400,3468
63500,3565
63600,3662
63700,3760
63800,3867
63900,3964
64000,4065
64100,4162
64200,4260
64300,4367
64400,4464
64500,4561
64600,4669
64700,4766
64800,4863
64900,4960
65000,5061
65100,5169
65200,5266
65300,5363
65400,5460
65500,5568
65600,5665
65700,5762
65800,5860
65900,5967
66000,6068
66100,6165
66200,6262
66300,6360
66400,6467
66500,6564
66600,6661
66700,6769
66800,6866
66900,6963
67000,7064
67100,7161
67200,7269
67300,7366
67400,7463
67500,7560
67600,7668
67700,7765
67800,7862
67900,7960
68000,8060
68100,8168
68200,8265
68300,8362
68400,8460
68500,8567
68600,8664
68700,8761
68800,8869
68900,8966
69000,9067
69100,9164
69200,9261
69300,9369
69400,9466
69500,9563
69600,9660
69700,9768
69800,9865
69900,9962
70000,0078
70100,0175
70200,0272
70300,0370
70400,0477
70500,0574
70600,0671
70700,0779
70800,0876
70900,0973
71000,1074
71100,1171
71200,1279
71300,1376
71400,1473
71500,1570
71600,1678
71700,1775
71800,1872
71900,1970
72000,2070
72100,2178
72200,2275
72300,2372
72400,2470
72500,2577
72600,2674
72700,2771
72800,2879
72900,2976
73000,3077
73100,3174
73200,3271
73300,3379
73400,3476
73500,3573
73600,3670
73700,3778
73800,3875
73900,3972
74000,4073
74100,4170
74200,4278
74300,4375
74400,4472
74500,4570
74600,4677
74700,4774
74800,4871
74900,4979
75000,5070
75100,5177
75200,5274
75300,5371
75400,5479
75500,5576
75600,5673
75700,5770
75800,5878
75900,5975
76000,6076
76100,6173
76200,6270
76300,6378
76400,6475
76500,6572
76600,6670
76700,6777
76800,6874
76900,6971
77000,7072
77100,7170
77200,7277
77300,7374
77400,7471
77500,7579
77600,7676
77700,7773
77800,7870
77900,7978
78000,8079
78100,8176
78200,8273
78300,8370
78400,8478
78500,8575
78600,8672
78700,8770
78800,8877
78900,8974
79000,9075
79100,9172
79200,9270
79300,9377
79400,9474
79500,9571
79600,9679
79700,9776
79800,9873
79900,9970
80000,0086
80100,0183
80200,0281
80300,0388
80400,0485
80500,0582
80600,0680
80700,0787
80800,0884
80900,0981
81000,1082
81100,1180
81200,1287
81300,1384
81400,1481
81500,1589
81600,1686
81700,1783
81800,1880
81900,1988
82000,2089
82100,2186
82200,2283
82300,2380
82400,2488
82500,2585
82600,2682
82700,2780
82800,2887
82900,2984
83000,3085
83100,3182
83200,3280
83300,3387
83400,3484
83500,3581
83600,3689
83700,3786
83800,3883
83900,3980
84000,4081
84100,4189
84200,4286
84300,4383
84400,4480
84500,4588
84600,4685
84700,4782
84800,4880
84900,4987
85000,5088
85100,5185
85200,5282
85300,5380
85400,5487
85500,5584
85600,5681
85700,5789
85800,5886
85900,5983
86000,6084
86100,6181
86200,6289
86300,6386
86400,6483
86500,6580
86600,6688
86700,6785
86800,6882
86900,6980
87000,7080
87100,7188
87200,7285
87300,7382
87400,7480
87500,7587
87600,7684
87700,7781
87800,7889
87900,7986
88000,8087
88100,8184
88200,8281
88300,8389
88400,8486
88500,8583
88600,8680
88700,8788
88800,8885
88900,8982
89000,9083
89100,9180
89200,9288
89300,9385
89400,9482
89500,9580
89600,9687
89700,9784
89800,9881
89900,9989
90000,0094
90100,0191
90200,0299
90300,0396
90400,0493
90500,0590
90600,0698
90700,0795
90800,0892
90900,0990
91000,1090
91100,1198
91200,1295
91300,1392
91400,1490
91500,1597
91600,1694
91700,1791
91800,1899
91900,1996
92000,2097
92100,2194
92200,2291
92300,2399
92400,2496
92500,2593
92600,2690
92700,2798
92800,2895
92900,2992
93000,3093
93100,3190
93200,3298
93300,3395
93400,3492
93500,3590
93600,3697
93700,3794
93800,3891
93900,3999
94000,4090
94100,4197
94200,4294
94300,4391
94400,4499
94500,4596
94600,4693
94700,4790
94800,4898
94900,4995
95000,5096
95100,5193
95200,5290
95300,5398
95400,5495
95500,5592
95600,5690
95700,5797
95800,5894
95900,5991
96000,6092
96100,6190
96200,6297
96300,6394
96400,6491
96500,6599
96600,6696
96700,6793
96800,6890
96900,6998
97000,7099
97100,7196
97200,7293
97300,7390
97400,7498
97500,7595
97600,7692
97700,7790
97800,7897
97900,7994
98000,8095
98100,8192
98200,8290
98300,8397
98400,8494
98500,8591
98600,8699
98700,8796
98800,8893
98900,8990
99000,9091
99100,9199
99200,9296
99300,9393
99400,9490
99500,9598
99600,9695
99700,9792
99800,9890
99900,9997
A0000,0000
A0100,0108
A0200,0205
A0300,0302
A0400,0400
A0500,0507
A0600,0604
A0700,0701
A0800,0809
A0900,0906
A1000,1007
A1100,1104
A1200,1201
A1300,1309
A1400,1406
A1500,1503
A1600,1600
A1700,1708
A1800,1805
A1900,1902
A2000,2003
A2100,2100
A2200,2208
A2300,2305
A2400,2402
A2500,2500
A2600,2607
A2700,2704
A2800,2801
A2900,2909
A3000,3000
A3100,3107
A3200,3204
A3300,3301
A3400,3409
A3500,3506
A3600,3603
A3700,3700
A3800,3808
A3900,3905
A4000,4006
A4100,4103
A4200,4200
A4300,4308
A4400,4405
A4500,4502
A4600,4600
A4700,4707
A4800,4804
A4900,4901
A5000,5002
A5100,5100
A5200,5207
A5300,5304
A5400,5401
A5500,5509
A5600,5606
A5700,5703
A5800,5800
A5900,5908
A6000,6009
A6100,6106
A6200,6203
A6300,6300
A6400,6408
A6500,6505
A6600,6602
A6700,6700
A6800,6807
A6900,6904
A7000,7005
A7100,7102
A7200,7200
A7300,7307
A7400,7404
A7500,7501
A7600,7609
A7700,7706
A7800,7803
A7900,7900
A8000,8001
A8100,8109
A8200,8206
A8300,8303
A8400,8400
A8500,8508
A8600,8605
A8700,8702
A8800,8800
A8900,8907
A9000,9008
A9100,9105
A9200,9202
A9300,9300
A9400,9407
A9500,9504
A9600,9601
A9700,9709
A9800,9806
A9900,9903
