000,000
001,019
002,027
003,035
004,043
005,051
006,06A
007,078
008,086
009,094
010,108
011,116
012,124
013,132
014,140
015,159
016,167
017,175
018,183
019,191
020,205
021,213
022,221
023,23A
024,248
025,256
026,264
027,272
028,280
029,299
030,302
031,310
032,329
033,337
034,345
035,353
036,361
037,37A
038,388
039,396
040,40A
041,418
042,426
043,434
044,442
045,450
046,469
047,477
048,485
049,493
050,507
051,515
052,523
053,531
054,54A
055,558
056,566
057,574
058,582
059,590
060,604
061,612
062,620
063,639
064,647
065,655
066,663
067,671
068,68A
069,698
070,701
071,71A
072,728
073,736
074,744
075,752
076,760
077,779
078,787
079,795
080,809
081,817
082,825
083,833
084,841
085,85A
086,868
087,876
088,884
089,892
090,906
091,914
092,922
093,930
094,949
095,957
096,965
097,973
098,981
099,99A
100,001
101,01A
102,028
103,036
104,044
105,052
106,060
107,079
108,087
109,095
110,109
111,117
112,125
113,133
114,141
115,15A
116,168
117,176
118,184
119,192
120,206
121,214
122,222
123,230
124,249
125,257
126,265
127,273
128,281
129,29A
130,303
131,311
132,32A
133,338
134,346
135,354
136,362
137,370
138,389
139,397
140,400
141,419
142,427
143,435
144,443
145,451
146,46A
147,478
148,486
149,494
150,508
151,516
152,524
153,532
154,540
155,559
156,567
157,575
158,583
159,591
160,605
161,613
162,621
163,63A
164,648
165,656
166,664
167,672
168,680
169,699
170,702
171,710
172,729
173,737
174,745
175,753
176,761
177,77A
178,788
179,796
180,80A
181,818
182,826
183,834
184,842
185,850
186,869
187,877
188,885
189,893
190,907
191,915
192,923
193,931
194,94A
195,958
196,966
197,974
198,982
199,990
200,002
201,010
202,029
203,037
204,045
205,053
206,061
207,07A
208,088
209,096
210,10A
211,118
212,126
213,134
214,142
215,150
216,169
217,177
218,185
219,193
220,207
221,215
222,223
223,231
224,24A
225,258
226,266
227,274
228,282
229,290
230,304
231,312
232,320
233,339
234,347
235,355
236,363
237,371
238,38A
239,398
240,401
241,41A
242,428
243,436
244,444
245,452
246,460
247,479
248,487
249,495
250,509
251,517
252,525
253,533
254,541
255,55A
256,568
257,576
258,584
259,592
260,606
261,614
262,622
263,630
264,649
265,657
266,665
267,673
268,681
269,69A
270,703
271,711
272,72A
273,738
274,746
275,754
276,762
277,770
278,789
279,797
280,800
281,819
282,827
283,835
284,843
285,851
286,86A
287,878
288,886
289,894
290,908
291,916
292,924
293,932
294,940
295,959
296,967
297,975
298,983
299,991
300,003
301,011
302,02A
303,038
304,046
305,054
306,062
307,070
308,089
309,097
310,100
311,119
312,127
313,135
314,143
315,151
316,16A
317,178
318,186
319,194
320,208
321,216
322,224
323,232
324,240
325,259
326,267
327,275
328,283
329,291
330,305
331,313
332,321
333,33A
334,348
335,356
336,364
337,372
338,380
339,399
340,402
341,410
342,429
343,437
344,445
345,453
346,461
347,47A
348,488
349,496
350,50A
351,518
352,526
353,534
354,542
355,550
356,569
357,577
358,585
359,593
360,607
361,615
362,623
363,631
364,64A
365,658
366,666
367,674
368,682
369,690
370,704
371,712
372,720
373,739
374,747
375,755
376,763
377,771
378,78A
379,798
380,801
381,81A
382,828
383,836
384,844
385,852
386,860
387,879
388,887
389,895
390,909
391,917
392,925
393,933
394,941
395,95A
396,968
397,976
398,984
399,992
400,004
401,012
402,020
403,039
404,047
405,055
406,063
407,071
408,08A
409,098
410,101
411,11A
412,128
413,136
414,144
415,152
416,160
417,179
418,187
419,195
420,209
421,217
422,225
423,233
424,241
425,25A
426,268
427,276
428,284
429,292
430,306
431,314
432,322
433,330
434,349
435,357
436,365
437,373
438,381
439,39A
440,403
441,411
442,42A
443,438
444,446
445,454
446,462
447,470
448,489
449,497
450,500
451,519
452,527
453,535
454,543
455,551
456,56A
457,578
458,586
459,594
460,608
461,616
462,624
463,632
464,640
465,659
466,667
467,675
468,683
469,691
470,705
471,713
472,721
473,73A
474,748
475,756
476,764
477,772
478,780
479,799
480,802
481,810
482,829
483,837
484,845
485,853
486,861
487,87A
488,888
489,896
490,90A
491,918
492,926
493,934
494,942
495,950
496,969
497,977
498,985
499,993
500,005
501,013
502,021
503,03A
504,048
505,056
506,064
507,072
508,080
509,099
510,102
511,110
512,129
513,137
514,145
515,153
516,161
517,17A
518,188
519,196
520,20A
521,218
522,226
523,234
524,242
525,250
526,269
527,277
528,285
529,293
530,307
531,315
532,323
533,331
534,34A
535,358
536,366
537,374
538,382
539,390
540,404
541,412
542,420
543,439
544,447
545,455
546,463
547,471
548,48A
549,498
550,501
551,51A
552,528
553,536
554,544
555,552
556,560
557,579
558,587
559,595
560,609
561,617
562,625
563,633
564,641
565,65A
566,668
567,676
568,684
569,692
570,706
571,714
572,722
573,730
574,749
575,757
576,765
577,773
578,781
579,79A
580,803
581,811
582,82A
583,838
584,846
585,854
586,862
587,870
588,889
589,897
590,900
591,919
592,927
593,935
594,943
595,951
596,96A
597,978
598,986
599,994
600,006
601,014
602,022
603,030
604,049
605,057
606,065
607,073
608,081
609,09A
610,103
611,111
612,12A
613,138
614,146
615,154
616,162
617,170
618,189
619,197
620,200
621,219
622,227
623,235
624,243
625,251
626,26A
627,278
628,286
629,294
630,308
631,316
632,324
633,332
634,340
635,359
636,367
637,375
638,383
639,391
640,405
641,413
642,421
643,43A
644,448
645,456
646,464
647,472
648,480
649,499
650,502
651,510
652,529
653,537
654,545
655,553
656,561
657,57A
658,588
659,596
660,60A
661,618
662,626
663,634
664,642
665,650
666,669
667,677
668,685
669,693
670,707
671,715
672,723
673,731
674,74A
675,758
676,766
677,774
678,782
679,790
680,804
681,812
682,820
683,839
684,847
685,855
686,863
687,871
688,88A
689,898
690,901
691,91A
692,928
693,936
694,944
695,952
696,960
697,979
698,987
699,995
700,007
701,015
702,023
703,031
704,04A
705,058
706,066
707,074
708,082
709,090
710,104
711,112
712,120
713,139
714,147
715,155
716,163
717,171
718,18A
719,198
720,201
721,21A
722,228
723,236
724,244
725,252
726,260
727,279
728,287
729,295
730,309
731,317
732,325
733,333
734,341
735,35A
736,368
737,376
738,384
739,392
740,406
741,414
742,422
743,430
744,449
745,457
746,465
747,473
748,481
749,49A
750,503
751,511
752,52A
753,538
754,546
755,554
756,562
757,570
758,589
759,597
760,600
761,619
762,627
763,635
764,643
765,651
766,66A
767,678
768,686
769,694
770,708
771,716
772,724
773,732
774,740
775,759
776,767
777,775
778,783
779,791
780,805
781,813
782,821
783,83A
784,848
785,856
786,864
787,872
788,880
789,899
790,902
791,910
792,929
793,937
794,945
795,953
796,961
797,97A
798,988
799,996
800,008
801,016
802,024
803,032
804,040
805,059
806,067
807,075
808,083
809,091
810,105
811,113
812,121
813,13A
814,148
815,156
816,164
817,172
818,180
819,199
820,202
821,210
822,229
823,237
824,245
825,253
826,261
827,27A
828,288
829,296
830,30A
831,318
832,326
833,334
834,342
835,350
836,369
837,377
838,385
839,393
840,407
841,415
842,423
843,431
844,44A
845,458
846,466
847,474
848,482
849,490
850,504
851,512
852,520
853,539
854,547
855,555
856,563
857,571
858,58A
859,598
860,601
861,61A
862,628
863,636
864,644
865,652
866,660
867,679
868,687
869,695
870,709
871,717
872,725
873,733
874,741
875,75A
876,768
877,776
878,784
879,792
880,806
881,814
882,822
883,830
884,849
885,857
886,865
887,873
888,881
889,89A
890,903
891,911
892,92A
893,938
894,946
895,954
896,962
897,970
898,989
899,997
900,009
901,017
902,025
903,033
904,041
905,05A
906,068
907,076
908,084
909,092
910,106
911,114
912,122
913,130
914,149
915,157
916,165
917,173
918,181
919,19A
920,203
921,211
922,22A
923,238
924,246
925,254
926,262
927,270
928,289
929,297
930,300
931,319
932,327
933,335
934,343
935,351
936,36A
937,378
938,386
939,394
940,408
941,416
942,424
943,432
944,440
945,459
946,467
947,475
948,483
949,491
950,505
951,513
952,521
953,53A
954,548
955,556
956,564
957,572
958,580
959,599
960,602
961,610
962,629
963,637
964,645
965,653
966,661
967,67A
968,688
969,696
970,70A
971,718
972,726
973,734
974,742
975,750
976,769
977,777
978,785
979,793
980,807
981,815
982,823
983,831
984,84A
985,858
986,866
987,874
988,882
989,890
990,904
991,912
992,920
993,939
994,947
995,955
996,963
997,971
998,98A
999,998
A00,00A
A01,018
A02,026
A03,034
A04,042
A05,050
A06,069
A07,077
A08,085
A09,093
A10,107
A11,115
A12,123
A13,131
A14,14A
A15,158
A16,166
A17,174
A18,182
A19,190
A20,204
A21,212
A22,220
A23,239
A24,247
A25,255
A26,263
A27,271
A28,28A
A29,298
A30,301
A31,31A
A32,328
A33,336
A34,344
A35,352
A36,360
A37,379
A38,387
A39,395
A40,409
A41,417
A42,425
A43,433
A44,441
A45,45A
A46,468
A47,476
A48,484
A49,492
A50,506
A51,514
A52,522
A53,530
A54,549
A55,557
A56,565
A57,573
A58,581
A59,59A
A60,603
A61,611
A62,62A
A63,638
A64,646
A65,654
A66,662
A67,670
A68,689
A69,697
A70,700
A71,719
A72,727
A73,735
A74,743
A75,751
A76,76A
A77,778
A78,786
A79,794
A80,808
A81,816
A82,824
A83,832
A84,840
A85,859
A86,867
A87,875
A88,883
A89,891
A90,905
A91,913
A92,921
A93,93A
A94,948
A95,956
A96,964
A97,972
A98,980
A99,999
