10101|10105
10102|10103
10104|10105
10108|10110
10201|10202
10304|10303
10305|10301
10306|10302
10307|10313
10308|10302
10309|10302
10310|10313
10312|10301
10401|10903
10402|10903
10403|10903
10404|10903
10405|10903
10406|10903
10407|10903
10408|10202
10409|10601
10501|10302
10502|10302
10503|10302
10602|10601
10603|10601
10604|10601
10605|10601
10606|10601
10607|10601
10701|10903
10702|10903
10703|10202
10704|10903
10705|10903
10706|10903
10707|10903
10802|10803
10806|10804
10901|10903
10902|10903
10904|10903
10905|10903
10906|10903
11001|11004
11002|11004
11003|11004
11101|11104
11102|11104
11103|11104
11105|11104
11201|10601
11202|10601
11203|10601
11204|10601
11205|10601
11302|11301
11303|11301
11305|11301
11402|11403
11502|11501
11503|11501
11504|11501
11601|10903
11602|10903
11603|10903
11604|10903
11605|10903
11701|10302
11702|10302
11703|11901
11802|11801
11803|11804
11902|11903
11904|11903
11905|11903
11906|11903
11907|11903
11908|11903
11909|11901
11910|11901
11911|11901
11912|11903
12001|10302
12002|10302
12003|10601
12004|10302
12005|10302
12006|10302
20103|20106
20107|20106
20109|20101
20111|20105
20112|20102
20113|20105
20114|20106
20201|20102
20202|20105
20203|20102
20204|21001
20205|21001
20206|20105
20207|20102
20208|21001
20209|20102
20210|21001
20211|21001
20212|21001
20213|21001
20214|21001
20301|20102
20302|20106
20303|20106
20304|20106
20305|20102
20307|20102
20308|20106
20401|20105
20402|20105
20403|20105
20404|20105
20501|20105
20502|20105
20503|20105
20504|20105
20505|20105
20506|20105
20507|20102
20508|20105
20601|20102
20602|20102
20603|21001
20604|20102
20605|20102
20606|20102
20607|20102
20608|20102
20701|20102
20702|20102
20703|20102
20704|20105
20705|20102
20706|20102
20707|20102
20801|20106
20802|20106
20803|20106
20804|20102
20805|20106
20901|20105
20902|20105
20903|20105
20904|20105
20905|20105
21002|21001
21003|21001
21005|21004
21007|21001
21008|21001
21009|21001
21010|21001
21011|21006
21012|21001
21013|21006
21101|21001
21102|21001
21103|21001
21104|21001
21105|21001
21106|21001
21107|21001
21201|20106
21202|20102
21203|20106
21204|20106
21205|20102
21301|21401
21302|21401
21303|21401
21304|21401
21305|21401
21306|21401
21307|21401
21308|21401
21402|21401
21403|21401
21404|21401
21501|21401
21502|21401
21503|21401
21504|21401
21601|21004
21602|21004
21603|21006
30101|30104
30102|30104
30103|30104
30106|30104
30107|30104
30108|30104
30109|30105
30110|30104
30111|30104
30202|30201
30203|30201
30204|30201
30205|30201
30206|30201
30301|30302
30303|30302
30304|30302
30305|30302
30306|30302
30307|30302
30308|30302
30401|30501
30402|30501
30403|30501
30404|30501
30502|30501
30503|30501
30504|30501
30505|30501
30506|30501
30507|30501
30508|30501
30509|30501
30510|30501
30511|30501
30512|30501
30601|30701
30602|30201
30603|30501
30702|30701
30703|30701
30704|30701
30705|30701
30802|30801
30803|30801
30804|30801
40101|40103
40105|40102
40201|40102
40202|40102
40203|40102
40204|40102
40205|40102
40206|40102
40207|40102
40301|40901
40302|40901
40303|40901
40304|40901
40305|40901
40306|40103
40307|40901
40308|40901
40401|40102
40402|40102
40403|40102
40404|40102
40405|40102
40406|40102
40501|40901
40502|40102
40503|40901
40504|40901
40505|40901
40601|40901
40602|40901
40603|40901
40604|40901
40701|40104
40702|40104
40703|40104
40801|40102
40802|40102
40803|40104
40902|40901
41002|41003
41004|41001
41005|41001
50102|50101
50103|50101
50104|50101
50105|50101
50202|50201
50203|50201
50204|50201
50205|50201
50206|50201
50207|50201
50302|50301
50303|50301
50304|50301
50305|50301
50306|50301
50307|50301
50308|50301
50309|50301
50401|50601
50402|50601
50403|50101
50404|50601
50501|50503
50502|50503
50504|50503
50602|50601
50603|50601
50604|50601
50605|50601
50701|50601
50702|50601
50703|50601
50704|50601
50801|50601
50802|50601
50803|50601
50804|50601
50805|50601
50806|50601
50807|50601
50808|50601
50901|50201
50902|50201
50903|50201
50904|50201
50905|50201
50906|50201
51001|50101
51002|50101
51003|50101
51004|50503
51101|50201
51102|50201
51103|50201
51104|50201
51105|50201
60101|60112
60102|60112
60103|60112
60104|60112
60105|60112
60106|60112
60107|60112
60110|60112
60111|60112
60113|60112
60114|60108
60116|60108
60202|60201
60203|60201
60204|60201
60205|60201
60206|60201
60302|60301
60303|60301
60304|60301
60305|60301
60306|60301
60307|60301
60308|60301
60309|60301
60401|60108
60402|60108
60403|60108
60501|60301
60502|60301
60503|60301
60504|60301
60505|61001
60506|60301
60602|60601
60603|60601
60701|61001
60703|61001
60704|61001
60801|61001
60802|61001
60803|61001
60804|61001
60805|60301
60806|61001
61002|61001
61003|61001
61004|61001
61101|60901
61102|60201
61103|60201
61201|60108
61301|61001
70103|70101
70104|70101
70202|70201
70206|70205
70207|70201
70302|70301
70303|70301
70304|70301
70305|70301
70306|70301
70307|70301
70401|70102
70402|70102
70403|70102
70404|70102
70501|70502
70503|70502
70602|70601
70603|70601
70604|70601
70605|70601
105|106
116|104
117|106
120|106
204|209
211|212
215|214
216|201
304|302
306|307
509|502
511|502
604|602
612|602
613|605
