00|06
01|76
02|49
03|22
04|92
05|65
06|38
07|11
08|81
09|54
10|27
11|97
12|70
13|43
14|16
15|86
16|59
17|32
18|05
19|75
20|48
21|21
22|91
23|64
24|37
25|10
26|80
27|53
28|26
29|96
30|69
31|42
32|15
33|85
34|58
35|31
36|04
37|74
38|47
39|20
40|90
41|63
42|36
43|09
44|79
45|52
46|25
47|95
48|68
49|41
50|14
51|84
52|57
53|30
54|03
55|73
56|46
57|19
58|89
59|62
60|35
61|08
62|78
63|51
64|24
65|94
66|67
67|40
68|13
69|83
70|56
71|29
72|02
73|72
74|45
75|18
76|88
77|61
78|34
79|07
80|77
81|50
82|23
83|93
84|66
85|39
86|12
87|82
88|55
89|28
90|98
91|71
92|44
93|17
94|87
95|60
96|33
