000|000
100|001
200|002
300|003
400|004
500|005
600|006
700|007
800|008
900|009
_00|00_
001|010
101|011
201|012
301|013
401|014
501|015
601|016
701|017
801|018
901|019
_01|01_
002|020
102|021
202|022
302|023
402|024
502|025
602|026
702|027
802|028
902|029
_02|02_
003|030
103|031
203|032
303|033
403|034
503|035
603|036
703|037
803|038
903|039
_03|03_
004|040
104|041
204|042
304|043
404|044
504|045
604|046
704|047
804|048
904|049
_04|04_
005|050
105|051
205|052
305|053
405|054
505|055
605|056
705|057
805|058
905|059
_05|05_
006|060
106|061
206|062
306|063
406|064
506|065
606|066
706|067
806|068
906|069
_06|06_
007|070
107|071
207|072
307|073
407|074
507|075
607|076
707|077
807|078
907|079
_07|07_
008|080
108|081
208|082
308|083
408|084
508|085
608|086
708|087
808|088
908|089
_08|08_
009|090
109|091
209|092
309|093
409|094
509|095
609|096
709|097
809|098
909|099
_09|09_
010|100
110|101
210|102
310|103
410|104
510|105
610|106
710|107
810|108
910|109
_10|10_
011|110
111|111
211|112
311|113
411|114
511|115
611|116
711|117
811|118
911|119
_11|11_
012|120
112|121
212|122
312|123
412|124
512|125
612|126
712|127
812|128
912|129
_12|12_
013|130
113|131
213|132
313|133
413|134
513|135
613|136
713|137
813|138
913|139
_13|13_
014|140
114|141
214|142
314|143
414|144
514|145
614|146
714|147
814|148
914|149
_14|14_
015|150
115|151
215|152
315|153
415|154
515|155
615|156
715|157
815|158
915|159
_15|15_
016|160
116|161
216|162
316|163
416|164
516|165
616|166
716|167
816|168
916|169
_16|16_
017|170
117|171
217|172
317|173
417|174
517|175
617|176
717|177
817|178
917|179
_17|17_
018|180
118|181
218|182
318|183
418|184
518|185
618|186
718|187
818|188
918|189
_18|18_
019|190
119|191
219|192
319|193
419|194
519|195
619|196
719|197
819|198
919|199
_19|19_
020|200
120|201
220|202
320|203
420|204
520|205
620|206
720|207
820|208
920|209
_20|20_
021|210
121|211
221|212
321|213
421|214
521|215
621|216
721|217
821|218
921|219
_21|21_
022|220
122|221
222|222
322|223
422|224
522|225
622|226
722|227
822|228
922|229
_22|22_
023|230
123|231
223|232
323|233
423|234
523|235
623|236
723|237
823|238
923|239
_23|23_
024|240
124|241
224|242
324|243
424|244
524|245
624|246
724|247
824|248
924|249
_24|24_
025|250
125|251
225|252
325|253
425|254
525|255
625|256
725|257
825|258
925|259
_25|25_
026|260
126|261
226|262
326|263
426|264
526|265
626|266
726|267
826|268
926|269
_26|26_
027|270
127|271
227|272
327|273
427|274
527|275
627|276
727|277
827|278
927|279
_27|27_
028|280
128|281
228|282
328|283
428|284
528|285
628|286
728|287
828|288
928|289
_28|28_
029|290
129|291
229|292
329|293
429|294
529|295
629|296
729|297
829|298
929|299
_29|29_
030|300
130|301
230|302
330|303
430|304
530|305
630|306
730|307
830|308
930|309
_30|30_
031|310
131|311
231|312
331|313
431|314
531|315
631|316
731|317
831|318
931|319
_31|31_
032|320
132|321
232|322
332|323
432|324
532|325
632|326
732|327
832|328
932|329
_32|32_
033|330
133|331
233|332
333|333
433|334
533|335
633|336
733|337
833|338
933|339
_33|33_
034|340
134|341
234|342
334|343
434|344
534|345
634|346
734|347
834|348
934|349
_34|34_
035|350
135|351
235|352
335|353
435|354
535|355
635|356
735|357
835|358
935|359
_35|35_
036|360
136|361
236|362
336|363
436|364
536|365
636|366
736|367
836|368
936|369
_36|36_
037|370
137|371
237|372
337|373
437|374
537|375
637|376
737|377
837|378
937|379
_37|37_
038|380
138|381
238|382
338|383
438|384
538|385
638|386
738|387
838|388
938|389
_38|38_
039|390
139|391
239|392
339|393
439|394
539|395
639|396
739|397
839|398
939|399
_39|39_
040|400
140|401
240|402
340|403
440|404
540|405
640|406
740|407
840|408
940|409
_40|40_
041|410
141|411
241|412
341|413
441|414
541|415
641|416
741|417
841|418
941|419
_41|41_
042|420
142|421
242|422
342|423
442|424
542|425
642|426
742|427
842|428
942|429
_42|42_
043|430
143|431
243|432
343|433
443|434
543|435
643|436
743|437
843|438
943|439
_43|43_
044|440
144|441
244|442
344|443
444|444
544|445
644|446
744|447
844|448
944|449
_44|44_
045|450
145|451
245|452
345|453
445|454
545|455
645|456
745|457
845|458
945|459
_45|45_
046|460
146|461
246|462
346|463
446|464
546|465
646|466
746|467
846|468
946|469
_46|46_
047|470
147|471
247|472
347|473
447|474
547|475
647|476
747|477
847|478
947|479
_47|47_
048|480
148|481
248|482
348|483
448|484
548|485
648|486
748|487
848|488
948|489
_48|48_
049|490
149|491
249|492
349|493
449|494
549|495
649|496
749|497
849|498
949|499
_49|49_
050|500
150|501
250|502
350|503
450|504
550|505
650|506
750|507
850|508
950|509
_50|50_
051|510
151|511
251|512
351|513
451|514
551|515
651|516
751|517
851|518
951|519
_51|51_
052|520
152|521
252|522
352|523
452|524
552|525
652|526
752|527
852|528
952|529
_52|52_
053|530
153|531
253|532
353|533
453|534
553|535
653|536
753|537
853|538
953|539
_53|53_
054|540
154|541
254|542
354|543
454|544
554|545
654|546
754|547
854|548
954|549
_54|54_
055|550
155|551
255|552
355|553
455|554
555|555
655|556
755|557
855|558
955|559
_55|55_
056|560
156|561
256|562
356|563
456|564
556|565
656|566
756|567
856|568
956|569
_56|56_
057|570
157|571
257|572
357|573
457|574
557|575
657|576
757|577
857|578
957|579
_57|57_
058|580
158|581
258|582
358|583
458|584
558|585
658|586
758|587
858|588
958|589
_58|58_
059|590
159|591
259|592
359|593
459|594
559|595
659|596
759|597
859|598
959|599
_59|59_
060|600
160|601
260|602
360|603
460|604
560|605
660|606
760|607
860|608
960|609
_60|60_
061|610
161|611
261|612
361|613
461|614
561|615
661|616
761|617
861|618
961|619
_61|61_
062|620
162|621
262|622
362|623
462|624
562|625
662|626
762|627
862|628
962|629
_62|62_
063|630
163|631
263|632
363|633
463|634
563|635
663|636
763|637
863|638
963|639
_63|63_
064|640
164|641
264|642
364|643
464|644
564|645
664|646
764|647
864|648
964|649
_64|64_
065|650
165|651
265|652
365|653
465|654
565|655
665|656
765|657
865|658
965|659
_65|65_
066|660
166|661
266|662
366|663
466|664
566|665
666|666
766|667
866|668
966|669
_66|66_
067|670
167|671
267|672
367|673
467|674
567|675
667|676
767|677
867|678
967|679
_67|67_
068|680
168|681
268|682
368|683
468|684
568|685
668|686
768|687
868|688
968|689
_68|68_
069|690
169|691
269|692
369|693
469|694
569|695
669|696
769|697
869|698
969|699
_69|69_
070|700
170|701
270|702
370|703
470|704
570|705
670|706
770|707
870|708
970|709
_70|70_
071|710
171|711
271|712
371|713
471|714
571|715
671|716
771|717
871|718
971|719
_71|71_
072|720
172|721
272|722
372|723
472|724
572|725
672|726
772|727
872|728
972|729
_72|72_
073|730
173|731
273|732
373|733
473|734
573|735
673|736
773|737
873|738
973|739
_73|73_
074|740
174|741
274|742
374|743
474|744
574|745
674|746
774|747
874|748
974|749
_74|74_
075|750
175|751
275|752
375|753
475|754
575|755
675|756
775|757
875|758
975|759
_75|75_
076|760
176|761
276|762
376|763
476|764
576|765
676|766
776|767
876|768
976|769
_76|76_
077|770
177|771
277|772
377|773
477|774
577|775
677|776
777|777
877|778
977|779
_77|77_
078|780
178|781
278|782
378|783
478|784
578|785
678|786
778|787
878|788
978|789
_78|78_
079|790
179|791
279|792
379|793
479|794
579|795
679|796
779|797
879|798
979|799
_79|79_
080|800
180|801
280|802
380|803
480|804
580|805
680|806
780|807
880|808
980|809
_80|80_
081|810
181|811
281|812
381|813
481|814
581|815
681|816
781|817
881|818
981|819
_81|81_
082|820
182|821
282|822
382|823
482|824
582|825
682|826
782|827
882|828
982|829
_82|82_
083|830
183|831
283|832
383|833
483|834
583|835
683|836
783|837
883|838
983|839
_83|83_
084|840
184|841
284|842
384|843
484|844
584|845
684|846
784|847
884|848
984|849
_84|84_
085|850
185|851
285|852
385|853
485|854
585|855
685|856
785|857
885|858
985|859
_85|85_
086|860
186|861
286|862
386|863
486|864
586|865
686|866
786|867
886|868
986|869
_86|86_
087|870
187|871
287|872
387|873
487|874
587|875
687|876
787|877
887|878
987|879
_87|87_
088|880
188|881
288|882
388|883
488|884
588|885
688|886
788|887
888|888
988|889
_88|88_
089|890
189|891
289|892
389|893
489|894
589|895
689|896
789|897
889|898
989|899
_89|89_
090|900
190|901
290|902
390|903
490|904
590|905
690|906
790|907
890|908
990|909
_90|90_
091|910
191|911
291|912
391|913
491|914
591|915
691|916
791|917
891|918
991|919
_91|91_
092|920
192|921
292|922
392|923
492|924
592|925
692|926
792|927
892|928
992|929
_92|92_
093|930
193|931
293|932
393|933
493|934
593|935
693|936
793|937
893|938
993|939
_93|93_
094|940
194|941
294|942
394|943
494|944
594|945
694|946
794|947
894|948
994|949
_94|94_
095|950
195|951
295|952
395|953
495|954
595|955
695|956
795|957
895|958
995|959
_95|95_
096|960
196|961
296|962
396|963
496|964
596|965
696|966
796|967
896|968
996|969
_96|96_
097|970
197|971
297|972
397|973
497|974
597|975
697|976
797|977
897|978
997|979
_97|97_
098|980
198|981
298|982
398|983
498|984
598|985
698|986
798|987
898|988
998|989
_98|98_
099|990
199|991
299|992
399|993
499|994
599|995
699|996
799|997
899|998
999|999
_99|99_
