06007|06700
06014|06084
06021|06112
06140|06077
06154|06609
06161|06728
06168|06238
06189|06196
06231|06105
06277|06392
06287|06707
06294|06413
06308|06238
06322|06203
06329|06525
06336|06420
06343|06119
06351|06469
06399|06203
06406|06105
06448|06595
06462|06413
06466|06218
06476|06581
06511|06315
06553|06182
06574|06483
06616|06826
06630|06301
06651|06700
06655|06505
06672|06455
06679|06826
06693|06483
06721|06826
06742|06581
06784|06532
06798|06049
06812|06238
06819|06056
06847|06826
10007|10049
10014|10112
10021|10035
10028|10035
10042|10112
10056|10112
10063|10049
10077|10049
10084|10049
10098|10049
14070|14028
14077|14126
14112|14168
14154|14049
14175|14168
18014|18140
18042|18126
18056|18168
18063|18140
18077|18140
18098|18028
18133|18021
18147|18105
18154|18084
18175|18049
22039|22036
22043|22036
22049|22105
22056|22014
22077|22140
22119|22168
22126|22014
22147|22112
22154|22084
22161|22140
26028|26021
26042|26077
26049|26014
26056|26035
26063|26021
26070|26021
26084|26021
26091|26021
26098|26035
26105|26007
30042|30028
30063|30056
34007|34035
34021|34014
34028|34035
34042|34049
34063|34035
38007|38028
38049|38112
38056|38021
38077|38112
38084|38028
38094|38028
38098|38021
38105|38035
42007|42021
42014|42021
42028|42021
42035|42021
42042|42021
42049|42021
42056|42105
42063|42021
42070|42021
42077|42021
42084|42021
42091|42021
42098|42021
42112|42021
42119|42105
42126|42105
42133|42105
42140|42021
42147|42105
42154|42021
46007|46014
46021|46042
46028|46042
46035|46014
46049|46042
46056|46014
46063|46014
46070|46014
46077|46042
46084|46014
46091|46014
46098|46042
46105|46042
46112|46014
46119|46042
46126|46042
50042|50084
50112|50084
54035|54007
58007|58049
58014|58035
58021|58049
58028|58056
58042|58091
58063|58112
58070|58056
58077|58091
58084|58091
58098|58112
58105|58112
62028|62007
62035|62042
62049|62077
62056|62021
62063|62014
62070|62021
62084|62077
62091|62021
66014|66042
66021|66042
66063|66042
66070|66126
66077|66028
66084|66140
66091|66147
66098|66042
66105|66147
66119|66042
66154|66042
66161|66056
70014|70007
70021|70084
70049|70056
70063|70077
70091|70098
70112|70007
70119|70035
70133|70084
74014|74007
74021|74028
74042|74035
74063|74049
78007|78021
78035|78014
78042|78014
78049|78028
86007|86077
86021|86105
86042|86077
86084|86049
86091|86035
86112|86077
86126|86105
86140|86028
86154|86077
86168|86028
86175|86161
86182|86161
86189|86049
90035|90091
94011|94015
94028|94015
060007|060700
060014|060084
060021|060112
060140|060077
060154|060609
060161|060728
060168|060238
060189|060196
060231|060105
060277|060392
060287|060707
060294|060413
060308|060238
060322|060203
060329|060525
060336|060420
060343|060119
060351|060469
060399|060203
060406|060105
060448|060595
060462|060413
060466|060218
060476|060581
060511|060315
060553|060182
060574|060483
060616|060826
060630|060301
060651|060700
060655|060505
060672|060455
060679|060826
060693|060483
060721|060826
060742|060581
060784|060532
060798|060049
060812|060238
060819|060056
060847|060826
100007|100140
100014|100140
100021|100140
100028|100140
100035|100238
100042|100140
100049|100140
100056|100210
100063|100140
100070|100210
100077|100210
100084|100140
100091|100210
100098|100210
100105|100210
100112|100210
100119|100210
100126|100238
100133|100238
100147|100238
100154|100238
100161|100140
100168|100238
100175|100238
100182|100140
100185|100140
100189|100140
100196|100140
100203|100210
100213|100140
100217|100140
100224|100210
100231|100140
140007|141491
140014|141491
140021|141491
140028|141491
140035|141491
140042|141491
140049|141372
140056|141491
140063|141491
140070|141155
140084|140147
140098|140091
140102|140091
140105|140168
140126|140112
140133|140077
140140|140175
140143|140077
140154|140175
140161|140147
140185|140182
140189|140182
140196|140182
140203|140182
140210|140630
140217|140630
140224|140630
140231|140630
140238|140630
140245|140630
140252|140630
140259|140630
140266|140357
140273|140364
140280|140364
140287|140364
140294|140364
140301|140364
140308|140364
140315|140357
140322|140364
140329|140364
140336|140357
140343|140364
140350|140357
140378|140371
140385|140861
140392|140861
140399|140861
140406|140861
140413|140861
140420|140364
140427|140630
140434|140630
140441|140630
140448|140861
140455|140861
140462|141610
140469|140364
140476|140630
140483|140630
140490|140581
140497|140581
140504|140581
140511|140581
140518|140581
140525|140581
140532|140581
140539|140581
140546|140581
140553|140581
140560|140581
140567|140581
140574|140581
140588|141610
140595|140581
140602|140679
140609|140679
140616|140630
140623|140630
140637|140630
140644|140630
140651|140630
140658|140630
140665|140742
140672|140182
140686|140147
140693|140147
140700|140679
140707|140147
140710|140742
140714|140182
140721|140679
140728|140742
140735|140679
140749|140679
140752|140742
140754|140742
140756|140861
140763|140861
140770|140861
140777|140861
140784|141491
140791|140861
140798|140861
140805|140861
140812|140861
140819|141491
140826|140630
140833|140861
140840|140861
140847|140861
140854|140861
140868|140861
140875|140861
140882|140861
140889|140861
140896|140861
140903|141176
140910|141176
140917|140077
140924|140091
140931|141071
140938|141071
140945|141176
140952|141176
140959|140371
140966|140371
140973|141176
140980|141176
140987|141176
140994|141176
141001|140357
141008|141071
141015|141071
141022|141071
141029|141176
141036|141071
141043|141071
141050|141071
141057|141071
141064|140357
141078|141176
141085|141071
141092|141155
141099|141155
141106|141155
141113|141155
141120|141155
141127|141155
141130|141155
141132|141155
141134|141155
141141|141155
141148|141155
141162|141337
141169|141309
141183|141176
141190|141309
141197|141337
141204|141337
141211|141176
141218|141309
141225|141337
141232|141176
141239|141337
141246|141176
141253|141337
141260|141176
141267|141309
141274|141176
141281|141176
141288|141176
141295|141176
141302|141176
141316|141309
141323|141337
141330|141176
141344|141337
141351|141309
141358|141176
141365|141176
141375|141372
141377|140077
141379|141372
141386|141071
141400|141491
141407|141071
141410|141372
141414|140371
141421|141491
141428|141491
141435|141491
141442|140364
141449|140364
141456|140357
141463|140364
141470|140357
141477|140357
141484|140364
141498|141491
141505|141491
141512|140112
141519|140371
141526|140112
141533|140112
141540|140112
141547|140371
141554|140371
141561|140371
141568|140371
141575|140371
141582|140371
141589|140357
141596|141610
141603|140364
141617|140630
141624|140630
141631|141610
141638|141610
141645|141610
141652|141610
141659|141610
141666|141610
141673|141610
141680|141610
141687|141610
141694|140581
141701|141610
141708|141610
141715|140630
141722|141610
141729|141610
141736|140630
141743|141610
142007|141491
142014|141491
142021|141491
142028|141491
142035|141491
142042|141372
142049|141372
142056|141155
142063|141491
142070|141491
142077|141491
142084|141372
142091|141491
142098|140091
142105|140147
142126|140147
142133|140182
142140|140182
142147|140679
142161|140182
142168|140182
142175|140182
142182|140182
142189|140182
142196|140182
142203|140182
142210|140182
142217|140182
142224|140630
142231|140630
142238|140630
142245|140630
142252|140861
142259|140371
142266|140112
142273|140371
142280|140371
142287|140371
142294|140182
142301|140112
142308|140630
142315|140630
142322|140630
142329|140861
142336|141610
142343|140581
142350|140581
142357|140182
142364|140182
142371|140679
142378|140182
142385|140182
142392|140679
142399|140182
142406|141155
142413|141155
142420|140679
142427|140679
142434|140679
142441|141155
142448|140630
142455|140630
142462|140630
142469|140742
142476|140679
142483|140182
142490|140742
142497|140742
142504|140742
142518|140119
142525|140742
142532|140742
142553|140861
142560|140861
142567|140861
142574|141491
142581|140861
142588|140861
142595|140861
142602|140861
142609|140091
142616|141071
142623|141071
142630|140112
142637|141176
142644|140091
142651|141176
142658|140091
142665|140091
142672|141176
142679|140112
142686|141176
142693|141176
142700|141176
142707|140091
142714|141176
142721|141176
142728|140091
142735|140371
142742|140371
142749|140371
142756|140371
142763|141309
142770|140371
142777|140371
142784|140371
142791|140371
142798|140371
142805|141071
142812|141071
142819|141176
142826|141071
142833|141155
142840|141155
142847|141155
142854|141155
142861|141155
142868|141155
142875|141155
142882|141155
142889|141155
142896|141155
142917|141155
142924|141155
142931|141337
142938|141337
142945|141176
142952|141309
142959|141309
142966|141337
142973|141176
142980|141176
143001|141372
143008|141372
143015|141155
143022|141372
143029|141372
143036|141372
143043|141393
143050|141372
143057|141372
143064|141372
143071|141372
143078|141372
143085|141372
143092|141372
143099|141372
143113|141372
143120|140371
143127|140371
143134|140371
143141|141491
143148|141491
143155|141491
143162|141491
143169|140112
143176|140112
143183|140112
143190|140112
143197|140371
143204|140371
143211|140371
143218|140371
143225|140630
143232|140357
143239|141610
143246|141610
180010|180007
180014|180350
180028|180021
180035|180350
180042|180308
180049|180308
180056|180308
180059|180273
180070|180063
180073|180021
180077|180308
180081|180021
180091|180084
180098|180448
180105|180448
180112|180350
180119|180168
180126|180350
180133|180350
180137|180210
180143|180084
180147|180350
180154|180350
180161|180434
180175|180168
180182|180434
180186|180168
180188|180210
180189|180210
180196|180210
180203|180210
180217|180210
180224|180350
180231|180245
180238|180063
180252|180273
180259|180273
180266|180273
180280|180273
180287|180294
180301|180294
180315|180308
180318|180308
180322|180021
180329|180350
180336|180021
180343|180350
180357|180168
180364|180294
180371|180294
180378|180294
180385|180168
180392|180168
180399|180007
180406|180007
180413|180007
180417|180308
180420|180007
180427|180434
180441|180434
180455|180084
220007|220301
220014|220182
220021|220329
220028|220182
220035|220259
220042|220385
220049|220399
220056|220385
220063|220385
220070|220259
220091|220084
220098|220084
220105|220084
220112|220084
220119|220322
220126|220322
220133|220329
220140|220399
220147|220399
220154|220399
220161|220399
220165|220182
220168|220182
220175|220182
220189|220182
220196|220182
220203|220182
220210|220077
220217|220077
220224|220077
220231|220399
220238|220399
220245|220399
220252|220259
220266|220259
220273|220259
220280|220259
220287|220301
220294|220259
220308|220322
220315|220322
220336|220077
220343|220077
220350|220322
220357|220476
220364|220385
220371|220399
220392|220413
220406|220385
220420|220322
220427|220077
220434|220259
220441|220259
220448|220259
220455|220476
220462|220413
220469|220322
220473|220476
260014|260077
260021|260077
260028|260077
260035|260077
260042|260077
260056|260049
260063|260119
260070|260077
260084|260077
260091|260119
260098|260119
260105|260077
260126|260077
260133|260049
260140|260049
260147|260077
260154|260077
260161|260077
265007|260077
265014|260119
265021|260077
265028|260007
268014|260077
268021|260077
268028|260119
268035|260077
268042|260077
268049|260077
268056|260077
268063|260077
268070|260077
268077|260119
268084|260049
268091|260077
268098|260049
268105|260049
268112|260049
268119|260049
268126|260077
268133|260007
268140|260077
268147|260077
300011|300014
300021|300014
300028|300014
300035|300042
300049|300042
300056|300042
300063|300042
300070|300042
300074|300336
300077|300084
300091|300301
300098|300084
300112|300042
300115|300105
300119|300105
300126|300105
300133|300105
300140|300147
300154|300147
300161|300147
300168|300175
300182|300427
300184|300175
300185|300427
300196|300175
300199|300189
300203|300189
300210|300175
300217|300175
300224|300189
300231|300259
300238|300259
300252|300259
300255|300245
300266|300301
300273|300287
300280|300287
300291|300336
300294|300336
300297|300336
300305|300336
300308|300259
300315|300259
300322|300301
300329|300336
300340|300336
300343|300336
300350|300301
300357|300301
300364|300301
300371|300336
300378|300042
300385|300042
300392|300287
300399|300287
300406|300490
300413|300427
300420|300427
300423|300189
300434|300427
300437|300014
300441|300427
300448|300427
300455|300490
300462|300427
300476|300490
300483|300490
302007|300014
302042|300014
302077|300042
302084|300042
302091|300042
302112|300084
302126|300084
302133|300336
302161|300301
302175|300084
302287|300147
302376|300147
302383|300175
302411|300287
302453|300189
302512|300189
302526|300175
302596|300259
302638|300259
302666|300245
302780|300301
302787|300287
302808|300287
302836|300336
302843|300301
302899|300336
302927|300336
302941|300301
302948|300301
302955|300336
302962|300259
302976|300301
302999|300336
303020|300336
303027|300336
303034|300336
303041|300336
303091|300490
303098|300287
303112|300287
303119|300490
303154|300427
303161|300490
303175|300490
303182|300427
303189|300490
303245|300469
303252|300084
303273|300490
303280|300490
303329|300490
309007|300007
309010|300014
309015|300014
309029|300014
309035|300042
309045|300147
309050|300042
309055|300042
309070|300042
309080|300084
309090|300084
309105|300084
309110|300301
309120|300084
309125|300301
309135|300105
309140|300042
309143|300105
309145|300105
309150|300042
309155|300105
309160|300105
309175|300105
309180|300105
309185|300105
309190|300147
309192|300147
309193|300245
309195|300147
309205|300147
309220|300147
309230|300245
309245|300147
309250|300147
309280|300175
309302|300175
309330|300189
309340|300175
309345|300175
309355|300427
309365|300189
309375|300175
309395|300427
309400|300189
309405|300175
309415|300259
309420|300259
309430|300259
309440|300245
309445|300259
309450|300259
309460|300245
309465|300259
309480|300245
309485|300259
309495|300245
309497|300245
309500|300259
309505|300245
309510|300259
309515|300301
309520|300287
309525|300490
309540|300287
309545|300287
309560|300287
309565|300287
309575|300301
309585|300301
309590|300301
309605|300259
309610|300490
309615|300336
309620|300301
309625|300301
309635|300336
309650|300301
309670|300301
309685|300336
309705|300490
309710|300301
309715|300336
309730|300301
309735|300301
309770|300490
309775|300042
309780|300490
309785|300042
309790|300490
309795|300287
309820|300287
309825|300287
309832|300014
309880|300301
309885|300287
309890|300287
309895|300469
309917|300490
309920|300490
309935|300147
309940|300490
309945|300490
309950|300490
309955|300490
309957|300490
309965|300490
340007|340133
340049|340028
340056|340028
340063|340028
340070|340028
340077|340133
340091|340245
340098|340133
340112|340245
340119|340133
340126|340133
340140|340133
340147|340133
340168|340189
340175|340245
340196|340189
340203|340189
340210|340189
340224|340245
340231|340245
340238|340245
340252|340245
340259|340133
345007|340133
345014|340028
345021|340245
345028|340028
345035|340133
345042|340133
345049|340245
345056|340189
345063|340189
345070|340189
380014|380406
380042|380035
380049|380063
380070|380063
380074|380077
380091|380140
380105|380140
380119|380140
380126|380140
380133|380140
380147|380140
380161|380035
380196|380224
380203|380077
380238|380140
380245|380224
380252|380224
380322|380035
380329|380140
386007|380035
386014|380406
386021|380406
386056|380406
386060|380140
386063|380406
386067|380140
386070|380406
386077|380406
386091|380224
386098|380224
386105|380224
386112|380224
386119|380140
386126|380140
386133|380406
386140|380406
386147|380406
386154|380035
386161|380406
386168|380035
386175|380140
386179|380035
386189|380035
386196|380035
386203|380035
386210|380140
386217|380140
386224|380140
386231|380140
386238|380140
386245|380406
386252|380406
386259|380406
386266|380406
386273|380406
420007|420336
420011|420336
420014|420336
420021|420147
420028|420336
420035|420147
420042|420336
420049|420147
420056|420336
420063|420147
420070|420336
420077|420336
420084|420147
420091|420336
420098|420336
420105|420147
420112|420336
420116|420147
420119|420336
420126|420147
420133|420336
420140|420336
420154|420336
420158|420336
420161|420336
420168|420147
420175|420147
420182|420336
420189|420336
420196|420336
420210|420336
420217|420336
420224|420336
420231|420336
420238|420336
420245|420147
420252|420147
420259|420336
420266|420147
420273|420147
420280|420336
420287|420336
420294|420336
420301|420147
420308|420147
420315|420147
420322|420336
420329|420336
420343|420336
420350|420336
420357|420336
420364|420336
420371|420147
420378|420336
420385|420336
420392|420147
420399|420336
420406|420147
420413|420336
422007|420336
425007|420147
425014|420147
425028|420336
425042|420336
425049|420336
425063|420147
425077|420336
425084|420336
425091|420336
425098|420147
425105|420336
425112|420336
425119|420147
425126|420147
425133|420336
425140|420147
425147|420147
425154|420336
460007|460014
460021|460042
460028|460042
460035|460014
460049|460042
460056|460014
460063|460014
460070|460014
460077|460042
460084|460014
460091|460014
460098|460042
460105|460042
460112|460014
460119|460042
460126|460042
500042|500084
500112|500084
540014|540007
540021|540007
540028|540007
540042|540035
540049|540035
540053|540035
540056|540280
540063|540112
540070|540112
540077|540280
540084|540280
540091|540112
540098|540112
540105|540112
540126|540007
540133|540007
540140|540154
540147|540154
540161|540154
540168|540154
540175|540504
540182|540217
540189|540217
540210|540154
540224|540217
540231|540217
540238|540280
540245|540280
540252|540280
540259|540280
540266|540280
540273|540280
540287|540280
540294|540322
540301|540322
540308|540322
540315|540455
540329|540455
540336|540343
540350|540343
540357|540399
540364|540399
540371|540399
540378|540399
540385|540399
540392|540399
540406|540399
540413|540399
540420|540455
540427|540455
540434|540455
540441|540455
540448|540455
540462|540455
540469|540455
540476|540399
540483|540280
540490|540280
540497|540280
540501|540504
540511|540399
540518|540196
540525|540035
580007|580245
580014|580042
580021|580042
580028|580245
580035|580119
580063|580049
580077|580070
580084|580049
580091|580042
580098|580210
580105|580210
580112|580119
580126|580245
580133|580119
580140|580210
580147|580210
580154|580210
580161|580210
580168|580245
580175|580210
580182|580245
580189|580210
580196|580210
580203|580210
580217|580049
580224|580245
580231|580245
580238|580245
580252|580245
585014|580210
585021|580210
585028|580119
585035|580245
585042|580049
585049|580210
585056|580210
585063|580245
585070|580119
585077|580210
585084|580210
585091|580210
585098|580210
585105|580210
585112|580049
585119|580245
585126|580245
585133|580049
585140|580245
585147|580245
585154|580245
620007|620014
620021|620182
620028|620182
620035|620182
620042|620182
620049|620182
620056|620182
620063|620231
620084|620231
620098|620126
620112|620161
620119|620182
620140|620126
620147|620182
620154|620091
620168|620182
620175|620182
620189|620231
620196|620133
620203|620070
620210|620231
620217|620077
620224|620077
620238|620231
620245|620231
620252|620077
620259|620133
620266|620133
620273|620077
625014|620014
625028|620070
625035|620077
625042|620077
625049|620077
625056|620133
625063|620133
625070|620133
625077|620133
625084|620182
625098|620133
625105|620105
625112|620182
625119|620231
625126|620231
625133|620182
625140|620077
625147|620231
625154|620231
625161|620231
625168|620231
625175|620231
625182|620231
625189|620231
625196|620133
625203|620133
625210|620231
625217|620077
625224|620133
625231|620077
625238|620070
625245|620070
625252|620070
625259|620133
625266|620070
660007|660028
660014|660028
660021|660028
660035|660119
660042|660371
660049|660371
660056|660357
660084|660077
660091|660371
660098|660077
660105|660119
660112|660119
660126|660154
660140|660133
660147|660161
660168|660357
660175|660315
660182|660315
660189|660070
660196|660070
660203|660357
660210|660357
660217|660357
660224|660364
660231|660077
660238|660371
660245|660364
660252|660364
660259|660266
660273|660371
660280|660266
660287|660371
660290|660315
660294|660315
660301|660315
660322|660315
660329|660133
660336|660028
660343|660161
660350|660357
660378|660371
660385|660357
660392|660371
660399|660315
660406|660315
660413|660315
700014|700007
700021|700084
700049|700056
700063|700077
700091|700098
700112|700007
700119|700035
700133|700084
740007|740105
740014|740105
740021|740105
740028|740126
740035|740126
740038|740126
740039|740126
740042|740126
740049|740105
740056|740105
740063|740105
740070|740077
740073|740077
740084|740077
740091|740077
740095|740105
740098|740105
740108|740126
740112|740133
740119|740133
740130|740126
740140|740105
746007|740126
746014|740126
746021|740126
746028|740126
746035|740126
746049|740077
746063|740133
746070|740105
746077|740105
746084|740105
746091|740105
746098|740105
746105|740105
746112|740077
746119|740077
746126|740077
746133|740077
746140|740077
746147|740077
746154|740077
746161|740077
746168|740077
746175|740077
746182|740077
746189|740077
746196|740077
746210|740105
746217|740105
746224|740105
746231|740133
746238|740133
746245|740133
746252|740133
746273|740126
746280|740133
746287|740126
746294|740105
746301|740105
746308|740105
746315|740126
746322|740105
780007|780049
780014|780049
780042|780035
780056|780070
780063|780070
780074|780070
780077|780028
780084|780028
780091|780049
780098|780070
785007|780021
785014|780035
785021|780035
785035|780070
785042|780028
820007|820126
820014|820126
820021|820126
820035|820042
820045|820042
820070|820077
820084|820077
820095|820091
820098|820091
820105|820112
820119|820091
820133|820126
820140|820161
820142|820161
820143|820147
820158|820154
820168|820154
820171|820161
820175|820336
820207|820217
820224|820049
820231|820259
820233|820049
820235|820049
820237|820112
820238|820259
820256|820252
820273|820028
820280|820266
820287|820301
820308|820252
820315|820252
820322|820252
820329|820336
822007|820126
822014|820126
822021|820126
822028|820028
822035|820063
822042|820063
822049|820063
822056|820063
822063|820077
822070|820063
822077|820028
822084|820063
822091|820063
822098|820028
822105|820063
822112|820042
822119|820049
822126|820042
822133|820042
822140|820042
822147|820049
822154|820049
822161|820049
822168|820042
822175|820042
822182|820042
822189|820042
822196|820049
822203|820049
822210|820049
822217|820042
822224|820042
822231|820049
822238|820042
822245|820049
822252|820049
822259|820042
822266|820049
822273|820049
822280|820042
822287|820042
822294|820042
822301|820049
822308|820042
822315|820042
822322|820049
822329|820049
822336|820042
822343|820042
822357|820042
822364|820042
822371|820049
822378|820049
822385|820042
822392|820042
822399|820049
822406|820042
822413|820063
822420|820063
822427|820182
822434|820182
822441|820056
822448|820056
822455|820056
822462|820056
822469|820063
822476|820182
822483|820063
822490|820056
822497|820182
822504|820182
822511|820056
822518|820182
822525|820182
822532|820056
822539|820259
822546|820259
822553|820259
822560|820259
822567|820147
822574|820077
822581|820077
822588|820077
822595|820063
822602|820077
822609|820063
822616|820077
822623|820063
822630|820077
822637|820077
822644|820077
822651|820063
822658|820077
822665|820063
822672|820077
822679|820077
822686|820077
822693|820063
822700|820063
822707|820077
822714|820077
822721|820077
822728|820077
822735|820077
822742|820077
822749|820077
822756|820063
822763|820091
822770|820112
822777|820112
822784|820091
822791|820091
822805|820091
822808|820091
822812|820091
822819|820091
822826|820091
822833|820091
822840|820112
822847|820112
822854|820091
822861|820091
822868|820091
822875|820091
822882|820126
822889|820301
822896|820126
822903|820126
822910|820294
822917|820301
822924|820301
822931|820294
822938|820301
822945|820126
822952|820161
822959|820147
822966|820161
822973|820161
822980|820161
822987|820259
822994|820161
823001|820147
823008|820161
823036|820161
823043|820154
823050|820161
823057|820049
823064|820154
823071|820042
823078|820154
823085|820161
823092|820161
823099|820161
823106|820049
823113|820259
823120|820259
823127|820161
823134|820161
823141|820245
823148|820042
823155|820042
823162|820161
823169|820042
823176|820161
823183|820161
823190|820042
823197|820154
823204|820154
823211|820252
823218|820161
823232|820252
823239|820252
823246|820042
823253|820161
823260|820161
823267|820042
823274|820049
823281|820336
823288|820336
823295|820336
823302|820336
823309|820336
823316|820336
823323|820336
823330|820336
823337|820336
823344|820336
823351|820203
823358|820182
823365|820203
823372|820217
823379|820028
823386|820182
823393|820182
823400|820182
823407|820182
823414|820189
823421|820203
823435|820203
823442|820203
823449|820182
823456|820182
823463|820203
823470|820182
823477|820336
823484|820049
823491|820049
823498|820049
823505|820049
823512|820049
823519|820049
823526|820049
823533|820049
823540|820049
823547|820049
823554|820336
823561|820049
823568|820049
823575|820259
823582|820049
823589|820336
823596|820049
823603|820049
823610|820049
823617|820049
823624|820049
823631|820049
823638|820049
823652|820049
823659|820259
823673|820259
823680|820049
823687|820336
823694|820259
823701|820336
823704|820259
823708|820259
823722|820245
823729|820245
823736|820252
823743|820252
823750|820252
823757|820252
823764|820245
823771|820252
823778|820301
823785|820252
823792|820252
823799|820245
823806|820252
823813|820252
823820|820301
823827|820245
823834|820252
823841|820245
823862|820259
823869|820259
823876|820259
823883|820259
823890|820259
823897|820336
823904|820259
823911|820259
823918|820259
823925|820259
823932|820336
823939|820259
823946|820259
823953|820259
823960|820259
823967|820259
823974|820259
823981|820301
823988|820203
823995|820028
824002|820294
824009|820028
824016|820301
824023|820294
824030|820301
824037|820028
824044|820252
824051|820252
824058|820252
824065|820042
824072|820252
824079|820252
824086|820252
824093|820252
824100|820042
824107|820252
824114|820252
824121|820252
824128|820252
824135|820252
824142|820091
824149|820336
824156|820336
824163|820336
824170|820336
824177|820336
824184|820091
824188|820091
824191|820336
824198|820091
824205|820336
860007|860084
860014|860042
860021|860056
860028|860084
860035|860042
860049|860084
860063|860042
860070|860084
860091|860084
860098|860161
860105|860161
860112|860084
860119|860056
860126|860084
860133|860084
860140|860084
860147|860161
860154|860084
860168|860084
860175|860056
860182|860056
860189|860056
860196|860084
866007|860084
866014|860084
866021|860056
866024|860056
866026|860084
866028|860084
866035|860084
866042|860084
866049|860084
866056|860084
866063|860042
866070|860042
866077|860084
866084|860084
866091|860084
866098|860077
866105|860077
866112|860077
866119|860077
866126|860042
866133|860042
866140|860084
866147|860077
866154|860161
866161|860161
866168|860161
866175|860084
866182|860084
866183|860084
866184|860056
866185|860056
866186|860077
866187|860056
866189|860084
866196|860084
866200|860077
866203|860084
866210|860161
866217|860161
866224|860161
866231|860084
866238|860084
866245|860042
866252|860056
866259|860084
866266|860084
866273|860056
866280|860056
866287|860084
866294|860056
866301|860056
866308|860084
866315|860084
866322|860042
866325|860042
866329|860042
866336|860084
866340|860084
866342|860042
866343|860042
866350|860161
866357|860042
866364|860042
866368|860042
866371|860042
866378|860042
866382|860042
866385|860084
866388|860042
866390|860056
866391|860056
866392|860056
866394|860056
866396|860056
866399|860056
866403|860056
866405|860042
866406|860042
866413|860042
866420|860161
866424|860042
866427|860042
866431|860056
866434|860042
866438|860042
866441|860042
866448|860084
866455|860084
866459|860084
866462|860161
866469|860161
866474|860056
866476|860161
866483|860161
866487|860161
866490|860084
866497|860084
866501|860084
866504|860084
866505|860084
866507|860042
866509|860084
866511|860084
866515|860042
866518|860084
866525|860042
866527|860084
866528|860161
866529|860161
866532|860042
866539|860161
866546|860161
866553|860161
866555|860042
866557|860161
866560|860084
866564|860161
866565|860161
866574|860161
866576|860161
866578|860161
866579|860161
866581|860161
866585|860161
866588|860161
866590|860056
866594|860042
866595|860056
866599|860084
866602|860084
866604|860084
866606|860056
866609|860056
866613|860056
866616|860056
866620|860056
866623|860056
900007|900021
900049|900056
900063|900056
900098|900084
900105|900042
900126|900119
908007|900021
908014|900021
908021|900112
908028|900021
908035|900112
908042|900021
908049|900021
908056|900021
908063|900021
908070|900112
908077|900028
908084|900021
908091|900028
908098|900028
908105|900021
908112|900028
908119|900070
908126|900028
908133|900021
908140|900028
908147|900028
908154|900028
908161|900035
908168|900035
908175|900035
908182|900035
908189|900035
908196|900035
908203|900056
908210|900056
908217|900056
908224|900056
908231|900056
908238|900056
908245|900056
908252|900056
908259|900056
908266|900056
908273|900070
908280|900070
908287|900070
908294|900028
908301|900070
908308|900070
908315|900070
908322|900077
908329|900070
908336|900070
908343|900070
908350|900070
908364|900077
908371|908357
908378|900084
908385|900084
908392|900084
908399|900084
908406|900084
908413|900042
908420|900035
908427|900042
908434|900035
908441|900042
908448|900042
908455|900035
908462|900091
908469|900091
908476|900091
908483|900091
908490|900084
908497|900084
908504|900091
908511|900084
908518|900056
908525|900084
908532|900056
908539|900084
908546|900035
908553|900084
908560|900084
908567|908644
908574|908644
908581|900042
908588|908644
908595|908644
908602|900119
908609|900119
908616|900112
908623|900119
908630|900119
908637|900119
908651|908644
940021|940014
06007010|06700060
06007020|06700060
06007030|06700060
06007040|06700060
06007050|06700060
06007060|06700060
06007070|06700060
06007080|06700060
06007100|06700060
06014010|06084020
06014020|06084020
06014030|06084020
06014040|06084020
06021010|06112020
06021020|06112020
06021030|06112020
06021040|06112020
06021050|06112020
06021060|06112020
06021070|06112020
06140010|06077010
06140020|06077010
06154010|06609070
06154020|06609070
06154030|06609070
06154040|06609070
06154050|06609070
06161010|06728040
06161020|06728040
06161030|06728040
06168010|06238010
06168020|06238010
06168030|06238010
06189010|06196010
06189020|06196010
06189030|06196010
06189040|06196010
06189050|06196010
06189060|06196010
06189070|06196010
06189080|06196010
06189090|06196010
06189100|06196010
06231010|06105060
06231020|06105060
06231030|06105060
06231040|06105060
06231050|06105060
06231060|06105060
06277010|06392060
06277020|06392060
06277030|06392060
06287010|06707050
06294010|06413050
06294020|06413050
06294030|06413050
06294040|06413050
06294050|06413050
06294060|06413050
06294070|06413050
06308010|06238010
06308020|06238010
06322010|06203020
06322020|06203020
06322030|06203020
06322040|06203020
06322050|06203020
06329010|06525020
06329020|06525020
06329030|06525020
06329040|06525020
06329050|06525020
06336010|06420020
06336020|06420020
06343010|06119140
06343020|06119140
06343030|06119140
06343040|06119140
06351010|06469070
06351020|06469070
06351030|06469070
06351040|06469070
06351050|06469070
06351060|06469070
06399010|06203020
06399020|06203020
06399030|06203020
06399040|06203020
06399050|06203020
06399060|06203020
06406010|06105060
06406020|06105060
06448010|06595080
06448020|06595080
06448030|06595080
06462010|06413050
06462020|06413050
06462030|06413050
06462040|06413050
06462050|06413050
06462060|06413050
06466010|06218010
06466020|06218010
06466030|06218010
06476010|06581060
06476020|06581060
06476030|06581060
06476040|06581060
06476050|06581060
06476060|06581060
06511010|06315010
06511020|06315010
06511030|06315010
06553010|06182010
06553020|06182010
06574010|06483040
06574020|06483040
06574030|06483040
06574040|06483040
06616010|06826050
06616020|06826050
06616030|06826050
06630010|06301010
06630020|06301010
06651010|06700060
06651020|06700060
06651030|06700060
06651040|06700060
06651050|06700060
06651060|06700060
06651070|06700060
06651080|06700060
06651090|06700060
06651100|06700060
06651110|06700060
06655010|06505040
06655020|06505040
06655030|06505040
06655040|06505040
06655050|06505040
06655060|06505040
06672010|06455030
06672020|06455030
06672030|06455030
06679010|06826050
06679020|06826050
06679030|06826050
06679040|06826050
06679050|06826050
06679060|06826050
06679070|06826050
06679080|06826050
06693010|06483040
06693020|06483040
06721010|06826050
06721020|06826050
06742010|06581060
06742020|06581060
06742030|06581060
06742040|06581060
06784010|06532040
06784020|06532040
06798010|06049020
06798020|06049020
06798030|06049020
06812010|06238010
06812020|06238010
06819010|06056010
06819040|06056010
06819050|06056010
06819060|06056010
06819070|06056010
06819080|06056010
06819090|06056010
06819100|06056010
06819110|06056010
06847010|06826050
06847020|06826050
10007010|10049030
10007020|10049030
10007030|10049030
10007040|10049030
10007050|10049030
10007055|10049030
10007060|10049030
10007070|10049030
10007080|10049030
10007090|10049030
10007100|10049030
10007110|10049030
10007120|10049030
10014010|10112030
10014020|10112030
10014030|10112030
10014040|10112030
10014050|10112030
10021010|10049030
10021020|10049030
10021030|10049030
10021040|10049030
10021050|10049030
10021060|10049030
10021070|10049030
10028010|10091150
10028030|10091150
10028040|10091150
10035010|10091150
10035020|10049030
10035030|10091150
10035040|10091150
10035050|10091150
10035055|10091150
10035060|10091150
10035070|10091150
10035080|10091150
10035085|10091150
10035090|10049030
10035092|10091150
10035095|10091150
10035097|10091150
10035100|10091150
10035110|10049030
10035120|10091150
10035125|10091150
10035130|10091150
10035140|10091150
10035145|10091150
10035147|10091150
10035150|10091150
10042030|10112030
10042040|10112030
10042050|10112030
10042060|10112030
10042070|10112030
10042080|10112030
10042090|10112030
10042100|10112030
10042105|10112030
10042110|10112030
10042120|10112030
10042130|10112030
10042140|10112030
10042150|10112030
10056010|10112030
10056020|10112030
10056030|10112030
10056040|10112030
10056050|10112030
10056060|10112030
10063020|10049030
10063030|10049030
10063040|10049030
10063050|10049030
10070010|10112030
10070020|10112030
10070030|10112030
10070040|10112030
10070050|10112030
10070060|10112030
10070070|10112030
10070080|10112030
10070090|10112030
10070100|10112030
10070110|10112030
10070120|10112030
10070130|10112030
10070140|10112030
10070150|10112030
10077010|10049030
10077040|10049030
10077050|10049030
10077060|10049030
10077070|10049030
10077080|10049030
10077090|10049030
10077100|10049030
10077110|10049030
10084020|10049030
10084030|10049030
10084040|10049030
10084060|10049030
10084070|10049030
10084080|10049030
10084090|10049030
10084100|10049030
10084110|10049030
10091010|10091150
10091050|10091150
10091070|10091150
10091090|10091150
10091130|10091150
10091140|10091150
10091160|10091150
10098010|10049030
10098015|10049030
10098020|10049030
10098030|10049030
10098035|10049030
10098040|10049030
10098050|10049030
10098060|10049030
10098065|10049030
10098070|10049030
10105010|10049030
10105050|10049030
10105090|10049030
10105100|10049030
10105110|10091150
10105130|10091150
10105140|10091150
10105160|10091150
10105180|10049030
14007010|14161150
14007020|14161150
14007030|14161150
14007050|14161150
14007055|14133200
14007060|14161150
14007065|14161150
14007070|14161150
14007075|14147010
14007080|14133200
14007085|14147010
14007090|14161150
14007100|14161150
14007110|14161150
14007120|14147010
14007130|14147010
14007140|14133200
14007160|14161150
14007163|14161150
14007165|14161150
14007167|14147010
14007170|14161150
14007180|14161150
14007190|14161150
14007191|14161150
14007210|14161150
14007220|14161150
14007230|14147010
14007235|14161150
14007240|14133200
14007250|14161150
14007260|14147010
14007270|14147010
14007290|14161150
14007300|14161150
14007310|14147010
14007320|14161150
14007330|14161150
14007340|14161150
14007360|14133200
14021010|14021230
14021020|14021140
14021060|14021050
14021070|14021050
14021075|14014010
14021105|14021280
14021110|14021230
14021130|14021050
14021160|14021140
14021170|14021050
14021173|14021050
14021190|14014010
14021200|14021290
14021210|14014010
14021250|14021230
14021270|14021050
14021300|14021230
14021320|14021280
14028010|14028050
14028020|14028050
14028035|14028050
14028040|14091070
14028060|14028050
14028080|14028050
14028100|14028050
14028110|14028050
14028120|14028050
14028130|14028050
14028140|14028050
14028145|14028050
14028150|14028050
14028155|14028050
14028160|14028050
14028170|14028050
14028175|14028050
14028180|14028050
14028190|14028050
14028200|14028050
14035010|14084030
14035015|14084030
14035020|14084030
14035030|14084030
14035040|14084030
14035050|14084030
14035060|14084030
14035070|14084030
14035080|14084030
14035090|14084030
14035100|14084030
14035110|14084030
14035120|14084030
14035130|14098230
14035140|14084030
14042010|14042170
14042020|14042180
14042030|14042180
14042040|14042180
14042045|14042170
14042050|14042180
14042060|14042180
14042070|14042180
14042080|14042170
14042090|14042170
14042100|14042180
14042110|14042180
14042130|14042170
14042140|14042180
14042150|14042170
14049010|14049050
14049020|14021140
14049025|14049050
14049030|14049050
14049040|14049050
14049055|14028050
14049057|14049050
14049070|14049050
14049075|14049050
14049080|14049050
14049090|14028050
14049100|14049050
14049110|14049050
14049115|14021140
14049117|14049050
14049120|14021140
14056010|14098230
14056020|14084030
14056030|14098230
14056040|14098230
14056050|14098230
14056060|14084030
14056070|14098230
14056080|14042180
14056090|14084030
14056100|14084030
14056110|14084030
14056120|14098230
14056130|14084030
14056140|14098230
14056150|14182060
14056160|14042180
14056170|14098230
14063010|14084030
14063020|14084030
14063030|14063180
14063040|14063180
14063050|14063180
14063060|14182060
14063070|14063180
14063080|14063180
14063090|14063180
14063100|14063180
14063110|14063180
14063120|14063180
14063130|14063180
14063140|14063180
14063150|14063180
14063160|14063180
14063170|14063180
14063190|14182060
14063210|14063180
14063220|14063180
14063230|14063180
14070010|14028050
14070020|14028050
14070030|14091070
14070040|14028050
14070045|14091070
14070050|14028050
14070055|14028050
14070060|14091070
14070070|14091070
14070080|14028050
14077005|14091070
14077010|14133200
14077020|14133200
14077030|14091070
14077040|14091070
14077050|14091070
14077053|14091070
14077060|14091070
14077080|14133200
14084010|14084030
14084020|14084030
14084040|14084030
14084050|14084030
14084060|14084030
14084070|14084030
14084080|14084030
14084090|14084030
14084100|14084030
14091020|14091250
14091030|14091250
14091040|14028050
14091050|14091070
14091060|14028050
14091080|14091250
14091090|14091250
14091100|14021230
14091110|14021230
14091120|14091070
14091130|14091250
14091135|14091250
14091140|14021230
14091150|14091070
14091160|14091250
14091180|14091250
14091190|14028050
14091200|14021150
14091210|14091070
14091220|14091250
14091230|14091250
14091240|14091070
14091260|14091250
14091270|14091070
14091280|14091250
14091290|14091250
14091300|14091250
14091320|14091250
14091325|14028050
14098010|14098230
14098020|14098230
14098030|14098230
14098040|14098230
14098050|14161150
14098060|14098230
14098070|14098230
14098080|14098230
14098090|14098230
14098100|14098230
14098105|14098230
14098110|14161150
14098115|14098230
14098120|14098230
14098130|14084030
14098140|14098230
14098150|14098230
14098160|14098230
14098170|14098230
14098180|14161150
14098190|14098230
14098200|14098230
14098210|14098230
14098240|14098230
14098245|14098230
14098250|14098230
14098260|14098230
14098270|14098230
14098280|14098230
14098290|14098230
14098300|14098230
14098320|14098230
14105010|14021050
14105020|14119190
14105030|14119190
14105040|14021140
14105050|14140030
14105060|14140030
14105070|14021050
14105080|14021050
14105090|14021050
14105100|14140030
14105105|14014010
14105110|14140030
14105120|14021140
14105130|14140030
14105140|14140030
14105150|14140030
14105160|14140030
14105170|14021050
14105180|14021050
14105190|14014010
14105200|14021050
14105210|14119190
14105220|14140030
14105230|14021050
14105235|14021050
14105240|14119190
14105250|14140030
14105260|14140030
14105270|14140030
14112010|14049050
14112020|14049050
14112030|14049050
14112040|14049050
14112045|14049050
14112050|14140300
14112060|14049050
14112070|14049050
14112080|14049050
14112090|14049050
14112100|14049050
14112110|14049050
14112120|14049050
14112130|14049050
14112140|14049050
14119010|14140030
14119020|14140030
14119030|14140030
14119040|14140030
14119050|14042170
14119060|14119190
14119070|14119190
14119080|14119190
14119090|14119190
14119100|14119190
14119110|14140030
14119120|14140030
14119130|14119190
14119140|14119190
14119150|14119190
14119160|14119190
14119165|14042170
14119170|14042170
14119180|14119190
14119200|14140030
14119210|14119190
14126005|14133200
14126010|14133200
14126020|14133200
14126025|14133200
14126026|14133200
14126027|14133200
14126050|14133200
14126070|14133200
14126085|14133200
14126090|14133200
14126100|14133200
14126110|14133200
14126120|14133200
14126140|14133200
14126150|14133200
14126160|14133200
14126170|14133200
14126180|14133200
14126200|14133200
14126205|14133200
14126210|14133200
14133005|14133200
14133007|14133200
14133010|14133200
14133015|14133200
14133060|14133200
14133070|14133200
14133090|14133200
14133100|14133200
14133110|14133200
14133120|14133200
14133150|14133200
14133170|14133200
14133180|14133200
14133190|14133200
14133210|14133200
14140010|14140360
14140020|14140300
14140040|14140030
14140050|14140300
14140060|14140360
14140070|14140300
14140080|14140030
14140090|14140360
14140100|14140360
14140110|14140030
14140120|14140300
14140130|14140360
14140140|14140300
14140150|14140300
14140160|14140360
14140170|14140030
14140180|14140360
14140200|14140030
14140210|14140360
14140215|14140360
14140220|14140360
14140230|14140030
14140240|14140300
14140250|14140030
14140260|14140030
14140270|14140030
14140280|14140030
14140290|14140030
14140310|14140360
14140330|14140300
14140340|14140360
14140350|14140030
14140370|14140360
14140380|14140300
14140390|14140030
14140400|14140030
14140420|14140030
14140430|14140030
14140440|14140030
14147020|14147010
14147050|14014010
14147060|14014010
14147063|14119190
14147080|14147010
14147090|14147010
14147110|14147010
14147115|14147010
14147120|14147010
14147150|14147010
14147170|14147010
14147180|14147010
14147190|14147210
14147193|14147010
14147195|14147010
14147200|14119190
14147220|14161150
14147223|14147010
14147230|14147010
14147235|14147010
14147240|14147010
14147250|14147010
14147265|14147010
14147270|14119190
14147280|14119190
14147300|14147010
14147310|14147010
14147320|14147010
14147330|14147010
14147340|14147010
14147350|14147010
14147360|14147010
14154010|14049050
14154030|14049050
14154040|14049050
14154050|14049050
14161010|14161150
14161020|14161150
14161030|14161150
14161040|14042180
14161050|14161150
14161060|14042180
14161070|14042170
14161080|14161150
14161090|14042180
14161100|14042170
14161110|14042170
14161120|14161150
14161130|14042180
14161140|14161150
14161160|14161150
14161170|14161150
14168005|14021140
14168010|14021140
14168020|14021140
14168030|14021140
14168035|14021140
14168040|14021140
14168060|14049050
14168070|14021140
14168080|14021140
14168090|14021140
14168100|14049050
14168110|14021140
14168120|14021140
14175020|14049050
14175030|14049050
14175040|14049050
14175045|14049050
14175050|14049050
14175060|14049050
14175070|14049050
14175080|14049050
14175090|14049050
14175100|14049050
14175103|14049050
14175110|14049050
14182010|14084030
14182020|14042170
14182030|14042170
14182040|14182060
14182050|14042180
14182070|14084030
14182080|14084030
14182090|14182060
14182100|14182060
14182110|14182060
14182120|14182060
14182130|14182060
14182140|14182060
14182150|14182060
14182160|14182060
14182170|14182060
14182180|14182060
14182190|14063180
14182200|14182060
14182210|14182060
14182220|14084030
14182230|14042170
14182240|14182060
14182250|14182060
14182260|14084030
14182270|14084030
14182280|14182060
14182290|14182060
18007020|18007010
18014010|18140010
18014020|18140010
18021040|18021020
18021050|18021020
18028010|18126010
18028020|18140010
18028030|18126010
18028031|18126010
18028040|18126010
18035010|18112050
18035030|18035020
18042005|18021020
18042010|18021020
18042020|18126010
18042030|18126010
18042040|18126010
18049020|18049010
18056010|18168040
18056020|18168040
18063010|18084020
18063020|18140010
18063030|18140010
18063040|18140010
18070010|18091050
18070030|18049010
18077010|18140010
18077020|18140010
18084010|18168030
18084030|18084020
18084040|18168030
18084050|18084020
18091007|18091050
18091010|18091050
18091020|18091050
18091030|18091050
18091060|18091050
18098010|18140010
18105010|18105030
18105020|18035020
18112010|18112050
18112020|18112050
18112030|18112050
18112040|18112050
18112060|18112050
18119010|18112050
18119020|18119030
18119040|18119030
18126005|18126010
18126020|18126010
18133005|18021020
18133010|18021020
18133020|18021020
18133030|18140010
18133040|18021020
18147010|18084020
18147020|18119030
18147030|18119030
18147040|18119030
18154005|18084020
18154010|18084020
18154020|18084020
18161010|18007010
18161020|18126010
18161030|18007010
18161040|18007010
18161050|18007010
18168010|18168030
18168020|18168030
18175010|18049010
22007010|22091010
22007020|22063060
22007030|22105010
22007040|22063060
22007050|22063060
22014010|22084020
22014020|22140010
22014030|22140040
22014040|22140010
22014050|22140010
22014060|22140010
22014070|22084020
22036010|22028010
22036020|22028010
22036030|22028010
22036040|22028010
22036050|22028010
22039010|22028010
22039020|22028010
22043010|22098030
22043020|22098030
22043030|22098030
22049010|22105010
22056010|22140040
22056020|22140040
22056030|22140040
22056040|22140040
22063005|22063060
22063010|22063060
22063020|22063060
22063030|22063060
22063035|22063060
22063040|22063060
22063050|22063060
22063065|22063060
22063070|22063060
22063080|22063060
22063090|22063060
22063095|22063060
22063097|22063060
22063100|22063060
22063110|22063060
22070010|22021010
22070020|22021010
22070025|22021010
22070030|22021010
22070040|22021010
22077010|22140040
22077020|22140040
22077030|22140040
22077040|22140040
22084010|22084020
22084030|22084020
22084040|22084020
22084050|22084020
22084060|22091010
22084070|22084020
22084080|22084020
22098010|22098030
22098020|22098030
22112010|22021010
22112020|22021010
22112030|22098030
22119010|22168020
22126010|22140010
22126020|22140010
22126025|22140010
22126030|22140040
22140020|22140060
22140033|22140060
22140036|22140010
22140050|22140010
22147010|22098030
22147020|22021010
22154010|22084020
22154020|22084020
22154030|22084020
22154040|22084020
22154050|22168020
22161010|22098030
22161020|22140060
22161030|22098030
22161040|22098030
22161050|22098030
22168010|22168020
26007010|26007020
26007030|26007020
26014005|26035030
26014010|26035030
26014020|26035030
26014025|26035030
26014030|26035030
26014037|26035030
26014040|26035030
26014050|26035030
26014060|26035030
26014065|26035030
26014070|26035030
26014080|26035030
26014090|26035030
26014100|26035030
26014110|26035030
26021020|26021030
26021050|26021030
26028010|26077040
26028020|26021030
26035010|26035030
26035015|26035030
26035020|26035030
26035040|26035030
26035050|26035030
26035060|26035030
26035070|26035030
26042010|26077040
26042020|26077040
26042030|26077040
26042040|26077040
26049010|26035030
26049020|26035030
26049030|26035030
26049040|26035030
26049050|26035030
26056010|26035030
26056020|26035030
26056030|26035030
26056040|26035030
26056050|26035030
26063010|26077040
26063020|26077040
26070010|26035030
26070020|26021030
26070030|26035030
26084010|26035030
26084020|26035030
26084030|26035030
26084040|26021030
26084050|26021030
26084060|26021030
26084070|26021030
26091010|26021030
26091020|26021030
26098010|26035030
26098020|26035030
26098030|26035030
26098040|26035030
26105010|26035030
26105020|26007020
30008005|30015060
30008010|30008090
30008040|30008090
30008050|30008090
30008060|30008090
30008070|30008090
30008080|30008090
30008100|30008090
30008110|30008090
30015005|30015060
30015007|30015060
30015010|30015060
30015020|30015060
30015030|30015060
30015040|30015060
30015080|30015060
30015083|30015060
30015087|30015060
30015090|30015060
30015095|30015060
30015100|30015060
30015110|30015060
30015130|30015060
30015140|30015060
30015150|30015060
30021010|30084160
30021015|30021080
30021020|30021080
30021030|30021080
30021040|30021080
30021050|30021080
30021060|30021080
30021065|30084160
30021070|30084160
30021090|30084070
30021100|30021080
30021110|30084070
30021120|30084070
30021123|30084160
30021125|30021080
30021127|30084160
30021128|30021080
30021130|30084160
30021140|30021080
30021150|30021080
30028020|30028010
30028040|30015060
30028070|30015060
30028073|30015060
30028075|30028010
30028077|30028010
30028080|30028010
30028090|30028010
30028100|30028010
30028105|30028010
30028110|30028010
30028115|30028010
30028120|30028010
30035010|30035030
30035020|30035030
30035040|30035030
30035050|30035030
30042005|30035030
30042010|30035030
30042020|30035030
30049010|30049040
30049020|30049040
30049030|30049040
30049060|30049040
30056010|30098040
30056020|30056070
30056027|30049040
30056030|30049040
30056035|30098040
30056040|30056070
30056050|30056070
30056060|30098040
30056080|30049040
30056090|30049040
30056095|30056070
30056100|30056070
30056110|30056070
30063015|30056070
30063020|30049040
30063030|30049040
30063035|30049040
30063040|30049040
30063050|30056070
30063060|30056070
30070005|30070080
30070010|30070080
30070020|30070080
30070025|30070080
30070030|30070080
30070041|30070080
30070043|30070040
30070047|30070040
30070048|30070040
30070050|30070080
30070065|30070080
30070070|30070040
30070075|30070040
30070090|30070080
30070095|30070040
30070100|30070080
30077010|30084070
30077015|30077070
30077020|30077070
30077030|30084070
30077040|30077070
30077050|30077070
30077060|30077070
30077080|30077070
30084010|30084160
30084013|30084070
30084020|30084070
30084030|30084160
30084040|30084070
30084050|30084160
30084060|30084160
30084065|30084160
30084067|30084160
30084080|30084160
30084090|30084160
30084095|30084070
30084100|30070080
30084110|30070080
30084120|30084160
30084130|30084070
30084140|30084070
30084150|30084160
30084170|30070080
30084180|30084160
30084185|30084160
30084190|30084160
30084200|30084160
30084210|30084160
30084220|30084160
30084230|30084070
30084240|30084070
30084250|30084070
30084260|30084160
30084270|30084070
30084280|30084160
30084290|30084070
30084300|30084160
30088010|30015060
30088020|30015060
30091010|30113080
30091020|30113080
30091030|30077070
30091040|30077070
30091050|30077070
30091060|30077070
30091070|30113080
30091080|30077070
30091090|30077070
30091095|30113080
30091100|30113080
30098010|30098040
30098020|30098040
30098030|30056070
30098060|30098040
30098070|30113080
30098080|30113080
30098090|30008090
30098100|30098040
30098110|30113080
30098115|30098040
30098120|30113080
30098130|30098040
30098140|30098040
30098150|30113080
30105010|30077070
30105015|30105060
30105035|30105060
30105040|30021080
30105043|30105060
30105045|30105060
30105050|30105060
30105052|30105060
30105055|30021080
30113010|30113080
30113020|30113080
30113030|30113080
30113050|30113080
30113060|30113080
30113070|30113080
34007002|34035100
34007005|34035100
34007006|34035100
34007007|34035100
34007010|34035100
34007020|34035100
34007030|34035100
34007040|34035100
34007043|34035100
34007045|34035100
34007047|34035100
34007050|34035100
34014005|34014020
34014010|34014020
34014030|34056040
34014040|34014020
34014060|34014020
34021010|34014020
34021020|34014020
34021030|34014020
34021040|34014020
34021050|34014020
34021060|34014020
34028004|34035100
34028010|34035100
34028020|34035100
34035010|34056040
34035012|34035100
34035014|34035100
34035015|34056040
34035018|34035100
34035020|34035100
34035025|34035100
34035030|34056040
34035033|34035100
34035040|34056040
34035050|34035100
34035060|34035100
34035070|34035100
34035080|34035100
34035110|34035100
34035120|34035100
34035130|34035100
34035140|34035100
34035150|34056040
34035160|34035100
34035170|34056040
34042010|34049010
34042020|34049010
34042030|34049010
34042035|34056040
34042040|34056040
34042050|34056040
34042060|34049010
34049013|34049010
34049020|34049010
34049030|34049010
34049035|34049010
34049040|34049010
34049060|34049010
34049080|34049010
34056010|34056040
34056020|34056040
34056025|34056040
34056027|34056040
34056030|34056040
34056050|34056040
34063005|34035100
34063007|34035100
34063010|34035100
34063020|34035100
34063030|34035100
34063040|34035100
34063050|34035100
34063060|34035100
34063070|34035100
34063080|34035100
34063090|34035100
34063100|34035100
38007020|38112050
38007030|38112050
38007035|38112050
38007040|38112050
38007050|38112050
38007055|38112050
38007060|38112050
38007063|38112050
38007067|38112050
38007070|38021060
38007080|38021060
38007085|38021060
38007090|38021060
38007092|38021060
38007095|38112050
38007100|38021060
38014010|38014070
38014060|38014090
38014080|38014070
38014100|38014090
38014110|38014070
38021030|38021060
38021040|38021060
38021050|38021060
38021065|38021060
38021070|38021060
38028003|38035080
38028007|38035080
38028010|38035080
38028020|38035080
38028030|38112050
38028040|38035080
38028042|38112050
38028043|38035080
38028045|38035080
38028047|38035080
38028050|38112050
38028060|38035080
38035010|38035080
38035020|38035080
38035030|38035080
38035040|38035080
38035050|38035080
38035060|38035080
38035070|38035080
38035090|38035080
38035110|38035080
38049003|38112050
38049007|38112050
38049010|38112050
38049020|38112050
38049025|38112050
38049030|38112050
38049035|38112050
38049040|38112050
38049050|38112050
38056010|38021060
38056015|38021060
38056016|38021060
38056017|38021060
38056018|38021060
38056020|38021060
38056025|38021060
38056030|38021060
38063010|38063040
38063030|38063040
38063050|38063040
38063060|38063040
38063070|38063040
38063080|38063040
38063090|38014090
38063095|38063040
38063110|38063040
38063130|38063040
38063140|38063040
38063150|38063040
38063160|38063040
38063170|38063040
38070010|38063040
38070020|38035080
38070030|38035080
38070040|38063040
38070050|38063040
38070060|38063040
38070070|38035080
38077010|38112050
38077020|38112050
38077030|38112050
38077040|38112050
38077045|38112050
38077050|38112050
38077060|38112050
38077070|38112050
38077080|38112050
38077090|38112050
38077100|38112050
38077105|38112050
38077110|38112050
38084010|38021060
38084020|38112050
38084030|38021060
38084040|38021060
38084045|38021060
38084050|38021060
38084055|38021060
38084060|38021060
38084070|38021060
38084080|38021060
38084090|38112050
38084100|38021060
38094010|38035080
38094020|38035080
38094030|38035080
38094035|38035080
38094040|38021060
38094050|38035080
38098010|38021060
38098015|38021060
38098020|38021060
38098025|38021060
38098030|38021060
38098035|38021060
38098040|38021060
38098050|38021060
38105010|38035080
38105020|38035080
38105030|38035080
38105040|38035080
38105050|38035080
38105060|38035080
38112010|38112050
38112020|38112050
38112023|38112050
38112025|38112050
38112026|38112050
38112030|38112050
38112033|38112050
38112035|38112050
38112040|38112050
38112060|38112050
38112070|38112050
38112075|38112050
38112080|38112050
38112090|38112050
42007010|42021020
42007020|42021020
42007030|42021020
42007040|42021020
42007050|42021020
42014010|42021020
42014020|42021020
42021010|42021020
42028010|42021020
42028020|42021020
42028030|42021020
42028040|42021020
42035010|42021020
42035020|42021020
42035030|42021020
42035040|42105030
42035050|42021020
42035060|42021020
42042010|42021020
42042020|42021020
42049010|42021020
42056010|42105030
42056020|42105030
42056030|42105030
42056040|42105030
42056050|42105030
42056060|42105030
42063010|42021020
42063020|42021020
42070010|42021020
42070020|42021020
42070030|42021020
42070040|42021020
42070050|42021020
42077010|42021020
42077020|42021020
42077030|42021020
42077040|42021020
42077050|42021020
42084010|42021020
42091010|42021020
42091020|42021020
42098010|42021020
42098020|42021020
42098030|42021020
42098040|42021020
42098050|42021020
42105010|42105030
42105020|42105030
42105040|42105030
42112005|42021020
42112010|42021020
42112020|42021020
42119010|42021020
42119020|42021020
42119030|42105030
42119040|42105030
42119050|42105030
42119060|42105030
42126010|42105030
42126020|42021020
42126030|42021020
42126040|42105030
42126050|42021020
42126060|42105030
42126070|42105030
42133010|42105030
42133020|42105030
42133030|42105030
42133040|42105030
42133050|42105030
42133060|42105030
42133070|42105030
42133080|42105030
42140005|42021020
42140007|42021020
42140010|42021020
42140020|42021020
42147010|42105030
42147020|42105030
42147030|42105030
42154010|42021020
42154020|42021020
42154030|42021020
42154040|42021020
42154050|42021020
42154060|42021020
46007010|46014010
46007030|46014010
46007040|46014010
46007045|46014010
46007050|46014010
46021010|46042010
46021020|46042010
46021030|46042010
46021040|46042010
46021050|46042010
46021060|46042010
46021070|46042010
46021080|46042010
46028010|46042010
46028020|46042010
46028030|46042010
46028040|46042010
46028050|46042010
46035010|46014010
46035020|46014010
46049010|46042010
46049020|46042010
46049030|46042010
46049040|46042010
46049050|46042010
46049060|46042010
46049070|46042010
46049080|46042010
46049090|46042010
46049100|46042010
46049110|46042010
46049120|46042010
46056010|46014010
46056020|46014010
46063010|46014010
46063020|46014010
46063030|46014010
46063040|46014010
46070010|46014010
46070020|46014010
46070030|46014010
46070040|46014010
46077010|46042010
46084010|46014010
46084020|46014010
46084030|46014010
46084040|46014010
46084050|46014010
46091010|46014010
46098010|46042010
46098020|46042010
46105010|46042010
46105020|46042010
46112010|46014010
46112020|46014010
46119010|46042010
46126010|46042010
50042010|50084140
50042020|50084140
50042030|50084140
50112010|50084140
50112020|50084140
50112030|50084140
50112040|50084140
50112050|50084140
50112060|50084140
50112077|50084140
54007020|54007010
54007037|54007010
54007040|54007010
54007050|54007010
54007060|54007010
54007070|54007010
54014020|54014010
54014030|54014010
54014050|54014010
54014055|54014010
54014060|54014010
54014070|54014010
54014080|54014010
54021005|54028010
54021010|54070070
54021020|54028010
54021030|54028010
54021040|54070070
54021050|54070070
54021060|54028010
54021070|54028010
54021080|54028010
54028007|54028010
54035010|54007010
54035020|54007010
54035030|54007010
54035040|54007010
54042010|54042020
54042030|54042020
54042035|54042020
54042040|54042020
54042050|54042020
54042055|54042020
54042060|54042020
54042080|54042020
54042090|54042020
54049010|54063030
54049020|54112040
54049025|54063030
54049030|54112040
54049040|54063030
54049041|54112040
54049042|54063030
54049043|54063030
54049045|54063030
54049047|54063030
54049050|54063030
54049060|54112040
54063010|54042020
54063020|54063030
54063033|54063030
54063035|54063030
54063040|54063030
54070010|54070070
54070020|54070070
54070030|54070070
54070040|54070070
54070050|54070070
54070060|54070070
54070065|54070070
54070080|54070070
54077005|54077060
54077010|54077060
54077015|54077060
54077020|54077060
54077030|54077060
54077035|54098080
54077050|54098080
54077070|54098080
54077090|54077060
54077100|54077060
54077110|54077060
54077120|54077060
54084008|54084030
54084010|54084030
54084040|54084030
54084050|54084030
54084060|54084030
54084071|54084030
54091010|54091080
54091013|54091080
54091014|54091080
54091017|54091080
54091020|54091080
54091030|54091080
54091033|54091080
54091035|54091080
54091050|54091080
54091060|54091080
54091065|54091080
54091070|54091080
54091090|54091080
54091100|54091080
54091105|54091080
54091106|54091080
54091107|54091080
54091108|54091080
54091109|54091080
54091110|54091080
54091120|54091080
54098003|54098080
54098005|54098080
54098006|54098080
54098007|54098080
54098008|54098080
54098010|54098080
54098020|54098080
54098030|54098080
54098040|54098080
54098050|54098080
54098060|54098080
54098070|54098080
54098093|54098080
54098095|54098080
54098097|54098080
54098100|54098080
54098110|54098080
54098120|54098080
54098130|54098080
54098140|54098080
54105010|54091080
54105020|54070070
54105030|54070070
54105035|54091080
54105040|54070070
54112012|54112040
54112015|54112040
54112035|54112040
54119010|54091080
54119020|54056010
54119025|54056010
54119028|54091080
54119030|54056010
54119032|54091080
54119034|54014010
54119035|54014010
54119036|54056010
54119037|54014010
54119040|54091080
54119050|54091080
54119060|54014010
58007010|58112040
58007015|58112040
58007020|58112040
58014005|58091040
58014010|58035030
58014015|58091040
58014020|58035030
58021010|58112040
58021020|58056010
58028010|58056010
58028020|58112040
58035010|58035100
58035012|58035040
58035014|58035030
58035016|58035030
58035055|58035030
58035057|58035040
58035060|58035030
58035090|58035040
58035107|58035040
58035110|58035100
58035115|58035030
58035120|58035040
58035125|58035030
58035130|58035030
58035140|58035030
58035150|58035030
58042010|58091040
58042013|58091040
58042015|58091040
58042020|58091040
58042030|58091040
58049010|58056010
58049020|58056010
58049030|58056010
58056003|58056010
58056005|58056010
58056020|58056010
58063010|58112040
58063020|58112040
58070010|58056010
58070020|58056010
58077010|58091040
58077013|58091040
58077017|58091040
58077020|58091040
58077030|58091040
58077040|58091040
58077050|58091040
58077060|58091040
58077070|58091040
58084010|58112040
58084020|58112040
58084030|58091040
58084040|58112040
58084050|58091040
58091010|58091040
58091020|58091040
58091030|58091040
58098003|58035040
58098005|58035040
58098010|58112040
58098020|58035040
58105010|58112040
58105020|58112040
58105030|58112040
58105040|58112040
58112010|58112040
58112020|58112040
58112030|58112040
62007040|62007090
62007070|62007090
62007080|62007090
62014010|62042560
62014020|62042560
62014030|62042560
62014040|62042560
62014050|62042560
62014060|62042560
62014070|62042560
62014080|62042560
62014090|62077050
62021040|62021030
62021050|62021030
62021110|62021060
62028010|62077050
62028020|62077050
62028030|62077050
62035010|62042400
62035020|62042400
62035030|62042400
62035050|62042400
62035060|62042400
62035080|62042560
62042020|62042390
62042030|62042390
62042075|62042560
62042115|62042360
62042120|62042390
62042147|62042450
62042170|62042010
62042180|62042560
62042200|62042560
62042210|62042450
62042224|62042450
62042240|62042450
62042245|62042560
62042255|62042390
62042265|62042560
62042297|62042360
62042310|62042450
62042335|62042560
62042345|62042390
62042350|62042010
62042370|62042450
62042380|62042560
62042410|62042390
62042430|62042560
62042440|62042010
62042460|62042560
62042470|62042560
62042480|62042560
62042500|62042390
62042520|62042390
62042540|62042560
62042550|62042390
62042570|62042390
62049010|62077050
62049020|62077050
62049030|62077050
62049040|62042400
62049050|62042400
62049060|62077050
62049070|62077050
62056005|62021030
62056010|62021060
62056020|62021030
62056030|62021030
62056040|62021030
62056050|62021030
62063005|62077050
62063010|62077050
62063013|62077050
62063017|62042560
62063020|62077050
62063060|62077050
62070003|62042400
62070005|62021060
62070010|62021060
62070015|62021060
62070020|62021060
62070030|62021060
62070040|62021060
62070050|62021060
62070060|62021060
62070070|62021060
62070080|62021060
62077020|62077050
62077040|62077050
62077060|62077050
62084010|62077050
62084020|62077050
62084030|62077050
62084040|62077050
62084050|62077050
62084060|62077050
62091010|62042400
62091020|62021060
62091030|62042400
62091040|62042400
62091050|62021060
62091060|62042400
62091070|62042400
62091090|62021030
66007010|66007090
66007040|66007090
66007060|66007090
66007070|66007090
66007080|66007090
66007100|66049040
66007110|66007090
66007120|66007090
66007130|66007090
66007150|66049040
66007160|66007090
66014010|66147030
66014017|66147030
66014020|66147030
66014030|66147030
66021010|66140050
66021020|66140050
66028015|66049040
66035020|66035010
66035030|66035010
66035050|66035010
66042003|66147030
66042005|66147030
66042007|66147030
66042008|66035010
66042010|66147030
66042020|66035010
66049005|66049040
66049007|66049040
66049010|66049040
66049020|66049040
66049030|66049040
66049035|66049040
66056010|66056200
66056040|66056200
66056050|66056200
66056055|66056200
66056070|66056220
66056100|66056090
66056110|66056220
66056190|66056200
66056230|66056200
66063003|66140050
66063007|66140050
66063010|66140050
66070005|66126070
66070010|66126070
66070020|66126070
66070030|66126070
66070040|66126070
66070050|66126070
66077010|66028060
66077013|66028060
66077020|66028060
66084010|66140050
66084020|66140050
66084030|66140050
66091005|66147010
66091010|66147010
66091020|66147010
66098010|66147030
66098020|66035010
66098030|66035010
66098035|66147030
66098037|66035010
66098040|66147030
66098045|66035010
66098050|66147030
66105010|66147010
66105017|66147010
66105020|66147010
66105030|66147010
66105040|66147010
66112010|66112040
66112020|66112040
66112030|66112040
66112070|66112040
66112080|66112040
66119010|66147030
66119020|66147030
66119030|66147030
66126010|66126070
66126020|66126070
66126030|66126070
66126040|66126070
66126080|66126070
66133010|66056220
66133020|66056090
66133030|66056090
66133035|66056220
66133037|66056220
66133040|66007090
66133050|66056090
66133055|66056220
66133060|66056090
66133070|66007090
66133080|66056220
66133090|66007090
66133100|66056220
66140010|66140050
66140020|66140050
66140040|66140050
66140070|66140050
66154005|66147030
66154010|66147030
66154020|66140050
66154040|66147030
66161010|66126070
66161015|66126070
66161020|66126070
66161023|66126070
66161027|66126070
66161030|66126070
66161035|66126070
66161040|66126070
66161050|66126070
66161060|66126070
66161070|66126070
66161080|66126070
70014010|70007020
70014020|70007020
70021010|70084010
70021020|70084010
70021025|70084010
70021027|70084010
70021030|70084010
70049010|70056030
70049030|70056030
70049040|70056030
70049050|70056030
70049060|70056030
70049070|70056030
70063010|70077010
70063030|70077010
70063040|70077010
70091010|70098010
70091020|70098010
70091030|70098010
70091040|70098010
70091050|70098010
70091060|70098010
70091070|70098010
70112003|70007020
70112010|70007020
70119010|70035020
70119020|70035020
70119030|70035020
70119040|70035020
70119050|70035020
70119060|70035020
70133010|70084010
74007010|74049060
74007020|74056105
74007030|74056105
74007040|74049060
74007050|74049060
74007060|74056105
74007070|74056105
74014005|74056105
74014010|74056105
74014015|74056105
74014020|74056105
74014030|74056105
74014040|74056105
74021010|74056105
74021020|74056105
74021025|74056105
74021030|74035070
74021050|74056105
74021060|74056105
74021063|74056105
74021065|74056150
74021070|74056105
74021090|74056150
74028010|74049060
74028020|74049060
74028030|74049060
74028040|74049060
74028050|74049060
74028060|74049060
74028070|74049060
74028080|74049060
74028090|74049060
74035010|74035070
74035020|74035070
74035030|74035070
74035040|74035070
74035050|74035070
74035055|74035070
74035060|74035070
74035080|74035070
74035090|74035070
74042010|74035070
74042020|74035070
74042030|74035070
74042040|74035070
74042050|74035070
74042060|74035070
74042070|74035070
74042080|74035070
74042090|74035070
74042100|74035070
74042110|74035070
74042120|74035070
74042130|74035070
74042140|74035070
74049010|74049060
74049030|74049060
74049040|74049060
74049050|74049060
74049070|74049060
74049080|74049060
74056010|74056150
74056020|74056150
74056030|74056150
74056040|74056150
74056050|74056150
74056060|74056150
74056065|74056150
74056066|74056150
74056070|74056105
74056080|74056150
74056090|74056105
74056095|74056150
74056100|74056150
74056107|74056150
74056108|74056150
74056110|74056150
74056120|74056105
74056130|74056150
74056140|74056105
74056153|74056105
74056160|74056150
74063010|74056105
74063020|74049060
74063030|74049060
74063040|74049060
74063050|74056105
74063060|74049060
74063070|74049060
74063080|74049060
78007010|78021040
78007020|78021040
78014020|78014010
78014030|78014070
78014040|78014070
78014050|78014070
78014080|78014070
78014090|78014070
78021005|78021040
78021010|78028010
78021015|78021040
78021020|78028010
78021050|78028010
78021060|78028010
78021070|78028010
78028020|78028010
78028030|78028010
78035010|78014060
78035020|78014060
78042010|78021040
78049010|78014060
78049020|78028010
78049030|78014060
82007010|82056030
82007020|82056030
82007030|82056030
82007040|82056030
82007050|82056030
82007060|82056030
82014010|82014050
82014020|82028080
82014030|82028080
82014040|82028080
82014060|82028080
82014070|82042290
82014080|82028080
82014090|82014050
82014100|82028080
82014110|82028080
82014120|82028080
82014130|82014050
82014140|82028080
82021010|82021360
82021020|82021310
82021030|82021360
82021040|82021310
82021050|82021310
82021060|82021310
82021070|82021310
82021080|82021310
82021090|82021360
82021100|82021310
82021110|82021310
82021120|82021360
82021125|82021360
82021130|82021360
82021140|82021360
82021150|82021310
82021160|82021310
82021163|82021310
82021170|82021310
82021180|82021360
82021190|82021310
82021200|82021310
82021210|82021310
82021220|82021360
82021230|82021310
82021240|82021310
82021245|82021310
82021250|82021310
82021260|82021310
82021270|82021310
82021280|82021310
82021290|82021310
82021300|82021360
82021320|82021360
82021330|82021310
82021340|82021310
82021350|82021310
82021370|82021310
82021380|82021360
82021390|82021310
82021400|82021310
82021410|82021310
82021420|82021360
82021430|82021310
82028010|82028080
82028030|82028230
82028040|82028080
82028050|82084070
82028060|82084070
82028070|82028230
82028090|82028230
82028100|82028230
82028110|82028230
82028120|82028080
82028130|82084070
82028140|82028080
82028150|82028230
82028160|82084070
82028170|82084070
82028180|82028230
82028190|82084070
82028200|82084070
82028210|82084070
82028220|82028230
82035010|82112130
82035015|82112130
82035020|82112130
82035030|82063170
82035040|82112130
82035045|82112130
82035050|82063170
82042010|82042290
82042020|82042290
82042030|82042290
82042040|82028080
82042050|82042290
82042060|82028080
82042070|82042290
82042080|82028080
82042090|82042290
82042100|82042290
82042110|82042290
82042130|82028080
82042140|82042290
82042150|82028080
82042160|82042290
82042170|82042290
82042180|82042290
82042190|82028080
82042200|82028080
82042210|82042290
82042220|82042290
82042230|82042290
82042240|82042290
82042250|82042290
82042260|82042290
82042270|82042290
82042280|82042290
82042300|82042290
82042305|82028080
82042310|82028080
82049010|82049020
82049030|82049180
82049035|82049020
82049040|82049180
82049050|82049020
82049053|82049020
82049055|82049020
82049058|82049020
82049060|82049020
82049070|82049020
82049075|82049020
82049080|82049020
82049090|82049020
82049095|82049020
82049100|82049020
82049110|82049020
82049120|82049020
82049127|82049180
82049130|82049020
82049140|82049180
82049150|82049180
82049155|82049180
82049160|82049020
82049190|82049020
82049200|82049020
82049207|82049020
82049210|82049020
82049220|82049020
82049230|82049020
82056010|82056030
82056020|82056030
82056040|82119130
82056050|82056030
82056060|82056030
82056070|82056030
82056080|82056030
82056090|82119110
82056100|82119130
82056110|82119130
82056120|82119110
82056125|82056030
82056130|82119130
82056140|82056030
82056150|82056030
82056160|82119130
82056170|82119130
82063010|82063170
82063020|82070050
82063030|82063170
82063040|82070050
82063050|82070050
82063060|82070050
82063070|82112130
82063080|82070050
82063090|82070050
82063095|82070050
82063100|82063170
82063110|82070050
82063120|82063170
82063130|82063170
82063140|82070050
82063150|82063170
82063160|82063170
82063190|82063180
82063200|82070050
82070010|82070050
82070015|82070050
82070017|82063180
82070020|82070050
82070030|82021360
82070040|82063180
82070060|82021310
82070070|82063180
82070080|82070050
82070090|82070050
82070100|82070050
82070110|82112130
82070120|82112130
82070130|82070050
82070140|82070050
82070150|82105090
82070160|82021310
82070170|82021310
82070180|82105090
82070190|82070050
82070200|82021310
82070205|82070050
82070210|82021310
82070220|82063180
82070230|82063180
82070240|82063180
82070250|82105130
82070260|82070050
82070270|82070050
82070280|82105130
82070290|82105130
82070300|82070050
82070310|82021310
82077010|82133170
82077020|82133170
82077030|82133170
82077040|82133170
82077050|82133170
82077060|82133170
82077065|82133170
82077070|82133170
82077080|82133170
82077090|82133170
82084010|82084210
82084020|82084070
82084030|82084210
82084040|82084310
82084050|82084310
82084060|82014050
82084080|82084070
82084090|82084070
82084100|82084070
82084110|82084070
82084120|82084210
82084130|82084070
82084150|82084070
82084170|82084140
82084180|82084310
82084190|82084210
82084200|82084310
82084220|82084210
82084230|82084310
82084240|82084210
82084250|82084070
82084280|82084210
82084290|82084070
82084300|82084070
82084320|82084210
82091010|82133170
82091020|82021360
82091030|82021360
82091040|82133170
82091050|82021360
82091060|82021360
82091070|82021360
82091080|82021360
82091090|82021360
82091100|82021360
82091110|82021360
82091120|82021360
82091130|82133170
82091140|82021360
82091145|82112130
82091150|82021360
82091160|82133170
82091170|82021360
82091180|82021360
82091190|82021360
82091200|82021360
82091210|82021360
82091220|82112130
82091230|82021360
82091240|82021360
82091250|82112130
82091260|82021360
82091270|82112130
82091280|82021360
82098010|82133170
82098020|82112130
82098030|82133170
82098033|82112130
82098035|82112130
82098040|82112130
82098050|82049180
82098060|82112130
82105010|82105090
82105020|82105090
82105030|82105090
82105040|82105090
82105050|82105090
82105060|82105130
82105070|82105130
82105080|82105130
82105100|82105090
82105110|82105130
82105120|82119130
82105140|82105130
82105150|82105130
82105160|82105090
82105170|82105130
82105180|82105130
82105190|82119130
82105200|82105090
82105210|82105090
82105220|82105130
82105230|82105090
82105240|82105130
82105250|82105130
82112010|82112130
82112020|82112130
82112030|82112130
82112040|82112130
82112050|82112130
82112060|82112130
82112070|82112130
82112080|82112130
82112090|82112130
82112100|82133170
82112110|82112130
82112120|82112130
82112140|82112130
82112150|82112130
82112160|82112130
82112170|82112130
82119010|82119130
82119030|82014050
82119040|82084210
82119050|82119020
82119060|82014050
82119070|82119110
82119080|82119130
82119090|82014050
82119100|82119130
82119120|82119110
82119140|82119130
82119145|82084140
82119150|82119130
82119160|82014050
82126010|82105130
82126020|82105130
82126030|82105130
82126040|82021310
82126050|82105130
82126060|82105130
82126065|82105130
82126070|82105130
82126080|82105130
82126090|82105130
82126100|82021310
82126110|82105130
82126120|82105130
82126130|82105130
82126140|82105130
82126150|82105130
82126160|82105130
82126170|82105130
82126180|82105130
82133010|82133170
82133020|82049020
82133030|82133170
82133037|82133170
82133040|82133170
82133050|82133170
82133060|82133170
82133070|82133170
82133075|82133170
82133080|82133170
82133085|82133170
82133090|82133170
82133100|82049020
82133105|82049020
82133110|82133170
82133120|82133170
82133130|82133170
82133135|82133170
82133150|82049020
82133160|82133170
86007010|86077010
86007020|86077010
86007030|86077010
86007040|86077010
86014005|86035090
86014010|86035090
86014020|86077010
86014030|86035090
86014035|86035090
86014040|86077010
86014050|86035090
86021010|86049110
86021015|86077010
86021020|86077010
86021030|86049110
86028010|86077010
86028020|86077010
86028030|86077010
86028040|86077010
86028050|86077010
86028060|86077010
86035010|86035090
86035020|86035090
86035030|86147130
86035035|86035090
86035040|86035090
86035050|86035090
86035060|86035090
86035070|86035090
86035080|86035090
86035100|86035090
86035105|86035090
86035107|86035090
86035110|86035090
86035120|86035090
86035124|86035090
86035127|86049110
86035130|86035090
86035140|86035090
86035150|86035090
86042010|86077010
86042020|86077010
86042030|86077010
86042040|86077010
86049010|86035090
86049015|86035090
86049020|86049110
86049030|86049110
86049040|86049110
86049050|86049110
86049060|86049110
86049070|86035090
86049080|86035090
86049090|86049110
86049100|86049110
86049120|86049110
86049130|86049110
86056010|86035090
86056030|86077010
86056040|86035090
86056050|86035090
86056070|86077010
86056080|86035090
86056090|86035090
86063010|86063040
86063020|86063040
86063025|86063040
86063030|86063040
86063050|86063040
86063070|86063040
86063075|86063040
86063080|86063040
86063090|86063040
86070010|86035090
86070015|86035090
86070020|86035090
86070030|86035090
86070040|86035090
86070060|86035090
86070070|86035090
86070073|86035090
86070080|86035090
86070085|86035090
86070090|86035090
86070100|86035090
86077020|86077010
86077030|86077010
86077040|86077010
86077050|86077010
86077060|86077010
86084004|86147130
86084006|86147130
86084010|86063040
86084020|86147130
86084030|86147130
86091005|86147130
86091008|86147130
86091010|86147130
86091020|86147130
86091023|86147130
86091026|86147130
86091030|86147130
86091040|86147130
86091050|86147130
86091060|86147130
86091070|86147130
86091076|86147130
86091080|86147130
86091090|86147130
86098010|86077010
86098020|86077010
86098030|86077010
86098035|86077010
86098040|86077010
86098050|86077010
86098060|86077010
86105010|86049110
86112010|86077010
86119010|86077010
86119020|86077010
86119021|86035090
86119023|86077010
86119025|86077010
86119030|86077010
86119040|86077010
86119050|86077010
86119060|86035090
86119070|86035090
86119080|86035090
86119090|86077010
86119100|86077010
86119110|86077010
86119120|86077010
86119125|86077010
86119130|86077010
86126005|86063040
86126010|86063040
86126020|86077010
86126030|86077010
86133005|86147130
86133006|86147130
86133008|86147130
86133010|86147130
86133013|86147130
86133015|86147130
86133017|86147130
86133020|86035090
86133030|86147130
86133040|86147130
86133045|86147130
86133050|86147130
86133060|86035090
86140010|86077010
86140020|86077010
86140030|86077010
86140040|86077010
86147007|86147130
86147020|86147130
86147030|86147130
86147040|86147130
86147050|86147130
86147060|86147130
86147070|86147130
86147080|86147130
86147090|86147130
86147095|86147130
86147100|86147130
86147105|86147130
86147110|86035090
86147120|86147130
86147123|86147130
86147126|86147130
86147140|86035090
86147150|86147130
86147170|86147130
86154010|86077010
86154020|86077010
86154030|86077010
86161010|86049110
86161020|86035090
86161030|86049110
86161040|86049110
86161043|86049110
86161045|86049110
86161048|86049110
86161050|86049110
86168010|86077010
86168020|86077010
86168030|86077010
86175010|86049110
86175020|86049110
86175030|86049110
86175040|86049110
86182010|86077010
86189010|86049110
86189020|86049110
86189030|86049110
86189040|86049110
86189050|86049110
90007010|90105100
90007011|90014010
90007013|90014010
90007018|90014010
90007020|90014010
90007030|90105100
90007033|90014010
90007035|90014010
90007037|90105100
90007040|90014010
90007043|90014010
90007045|90014010
90007047|90014010
90007050|90014010
90007053|90014010
90007055|90105100
90007060|90014010
90007065|90014010
90007070|90014010
90007075|90105100
90007085|90014010
90007087|90105100
90007088|90105100
90007090|90014010
90007100|90014010
90007110|90105100
90014015|90014020
90014040|90014020
90014050|90014010
90014060|90014010
90014070|90014020
90014073|90014020
90014074|90014020
90014075|90014020
90014077|90014020
90014080|90014010
90014090|90014020
90014093|90014020
90014095|90056010
90014097|90014020
90014100|90014020
90014105|90056010
90014120|90014020
90014130|90014020
90021010|90021050
90021020|90021050
90021030|90021050
90021045|90021050
90021053|90021050
90021055|90021050
90021056|90021050
90021057|90021050
90021070|90021050
90021073|90021050
90021080|90021050
90035010|90042010
90035017|90042010
90035020|90042010
90035030|90042010
90042020|90042010
90049001|90042010
90049003|90042010
90049004|90042010
90049005|90042010
90049006|90042010
90049007|90042010
90049010|90042010
90049013|90042010
90049016|90042010
90049020|90042010
90049030|90042010
90056013|90056010
90056016|90056010
90056018|90056010
90056020|90014020
90056025|90056010
90056027|90056010
90056030|90056010
90056032|90056010
90056034|90056010
90056038|90056010
90056040|90063040
90056060|90056010
90056065|90056010
90056070|90056010
90056075|90014020
90056080|90056010
90056090|90056010
90056100|90056010
90063030|90063020
90063045|90063040
90063080|90063020
90070010|90070030
90070015|90070030
90070020|90070030
90070023|90070030
90070025|90070030
90070028|90028030
90070040|90070030
90070050|90021050
90070060|90028030
90070070|90021050
90070080|90028030
90070090|90028030
90070100|90021050
90070110|90028030
90077011|90077010
90077013|90077010
90077014|90077010
90077015|90077010
90077016|90077010
90077018|90077010
90077019|90077010
90077020|90077010
90077025|90077010
90077030|90077010
90077040|90077010
90077050|90077010
90091010|90070030
90091017|90070030
90091020|90042010
90091030|90042010
90091037|90070030
90091040|90021050
90091050|90070030
90091060|90070030
90098010|90119020
90098013|90119020
90098015|90028030
90098020|90119020
90098030|90028030
90098032|90028030
90098035|90028030
90098036|90028030
90098037|90028030
90098038|90119020
90098040|90028030
90105030|90105100
90105045|90105100
90105070|90105080
90105072|90119020
90105074|90119020
90105075|90105080
90105078|90119020
90105079|90119020
90112005|90105080
90112010|90105080
90112013|90105080
90112020|90105080
90112025|90105080
90112030|90105080
90112040|90105080
90119025|90119020
94008003|94008010
94011010|94015020
94015010|94015020
94015015|94015020
94021010|94008010
94021020|94008010
94021030|94008010
94021040|94008010
94021050|94008010
94021060|94008010
94021070|94008010
94021080|94008010
