000,000
001,013
002,026
003,039
004,042
005,055
006,068
007,071
008,084
009,097
010,104
011,117
012,120
013,133
014,146
015,159
016,162
017,175
018,188
019,191
020,208
021,211
022,224
023,237
024,240
025,253
026,266
027,279
028,282
029,295
030,302
031,315
032,328
033,331
034,344
035,357
036,360
037,373
038,386
039,399
040,406
041,419
042,422
043,435
044,448
045,451
046,464
047,477
048,480
049,493
050,500
051,513
052,526
053,539
054,542
055,555
056,568
057,571
058,584
059,597
060,604
061,617
062,620
063,633
064,646
065,659
066,662
067,675
068,688
069,691
070,708
071,711
072,724
073,737
074,740
075,753
076,766
077,779
078,782
079,795
080,802
081,815
082,828
083,831
084,844
085,857
086,860
087,873
088,886
089,899
090,906
091,919
092,922
093,935
094,948
095,951
096,964
097,977
098,980
099,993
100,001
101,014
102,027
103,030
104,043
105,056
106,069
107,072
108,085
109,098
110,105
111,118
112,121
113,134
114,147
115,150
116,163
117,176
118,189
119,192
120,209
121,212
122,225
123,238
124,241
125,254
126,267
127,270
128,283
129,296
130,303
131,316
132,329
133,332
134,345
135,358
136,361
137,374
138,387
139,390
140,407
141,410
142,423
143,436
144,449
145,452
146,465
147,478
148,481
149,494
150,501
151,514
152,527
153,530
154,543
155,556
156,569
157,572
158,585
159,598
160,605
161,618
162,621
163,634
164,647
165,650
166,663
167,676
168,689
169,692
170,709
171,712
172,725
173,738
174,741
175,754
176,767
177,770
178,783
179,796
180,803
181,816
182,829
183,832
184,845
185,858
186,861
187,874
188,887
189,890
190,907
191,910
192,923
193,936
194,949
195,952
196,965
197,978
198,981
199,994
200,002
201,015
202,028
203,031
204,044
205,057
206,060
207,073
208,086
209,099
210,106
211,119
212,122
213,135
214,148
215,151
216,164
217,177
218,180
219,193
220,200
221,213
222,226
223,239
224,242
225,255
226,268
227,271
228,284
229,297
230,304
231,317
232,320
233,333
234,346
235,359
236,362
237,375
238,388
239,391
240,408
241,411
242,424
243,437
244,440
245,453
246,466
247,479
248,482
249,495
250,502
251,515
252,528
253,531
254,544
255,557
256,560
257,573
258,586
259,599
260,606
261,619
262,622
263,635
264,648
265,651
266,664
267,677
268,680
269,693
270,700
271,713
272,726
273,739
274,742
275,755
276,768
277,771
278,784
279,797
280,804
281,817
282,820
283,833
284,846
285,859
286,862
287,875
288,888
289,891
290,908
291,911
292,924
293,937
294,940
295,953
296,966
297,979
298,982
299,995
300,003
301,016
302,029
303,032
304,045
305,058
306,061
307,074
308,087
309,090
310,107
311,110
312,123
313,136
314,149
315,152
316,165
317,178
318,181
319,194
320,201
321,214
322,227
323,230
324,243
325,256
326,269
327,272
328,285
329,298
330,305
331,318
332,321
333,334
334,347
335,350
336,363
337,376
338,389
339,392
340,409
341,412
342,425
343,438
344,441
345,454
346,467
347,470
348,483
349,496
350,503
351,516
352,529
353,532
354,545
355,558
356,561
357,574
358,587
359,590
360,607
361,610
362,623
363,636
364,649
365,652
366,665
367,678
368,681
369,694
370,701
371,714
372,727
373,730
374,743
375,756
376,769
377,772
378,785
379,798
380,805
381,818
382,821
383,834
384,847
385,850
386,863
387,876
388,889
389,892
390,909
391,912
392,925
393,938
394,941
395,954
396,967
397,970
398,983
399,996
400,004
401,017
402,020
403,033
404,046
405,059
406,062
407,075
408,088
409,091
410,108
411,111
412,124
413,137
414,140
415,153
416,166
417,179
418,182
419,195
420,202
421,215
422,228
423,231
424,244
425,257
426,260
427,273
428,286
429,299
430,306
431,319
432,322
433,335
434,348
435,351
436,364
437,377
438,380
439,393
440,400
441,413
442,426
443,439
444,442
445,455
446,468
447,471
448,484
449,497
450,504
451,517
452,520
453,533
454,546
455,559
456,562
457,575
458,588
459,591
460,608
461,611
462,624
463,637
464,640
465,653
466,666
467,679
468,682
469,695
470,702
471,715
472,728
473,731
474,744
475,757
476,760
477,773
478,786
479,799
480,806
481,819
482,822
483,835
484,848
485,851
486,864
487,877
488,880
489,893
490,900
491,913
492,926
493,939
494,942
495,955
496,968
497,971
498,984
499,997
500,005
501,018
502,021
503,034
504,047
505,050
506,063
507,076
508,089
509,092
510,109
511,112
512,125
513,138
514,141
515,154
516,167
517,170
518,183
519,196
520,203
521,216
522,229
523,232
524,245
525,258
526,261
527,274
528,287
529,290
530,307
531,310
532,323
533,336
534,349
535,352
536,365
537,378
538,381
539,394
540,401
541,414
542,427
543,430
544,443
545,456
546,469
547,472
548,485
549,498
550,505
551,518
552,521
553,534
554,547
555,550
556,563
557,576
558,589
559,592
560,609
561,612
562,625
563,638
564,641
565,654
566,667
567,670
568,683
569,696
570,703
571,716
572,729
573,732
574,745
575,758
576,761
577,774
578,787
579,790
580,807
581,810
582,823
583,836
584,849
585,852
586,865
587,878
588,881
589,894
590,901
591,914
592,927
593,930
594,943
595,956
596,969
597,972
598,985
599,998
600,006
601,019
602,022
603,035
604,048
605,051
606,064
607,077
608,080
609,093
610,100
611,113
612,126
613,139
614,142
615,155
616,168
617,171
618,184
619,197
620,204
621,217
622,220
623,233
624,246
625,259
626,262
627,275
628,288
629,291
630,308
631,311
632,324
633,337
634,340
635,353
636,366
637,379
638,382
639,395
640,402
641,415
642,428
643,431
644,444
645,457
646,460
647,473
648,486
649,499
650,506
651,519
652,522
653,535
654,548
655,551
656,564
657,577
658,580
659,593
660,600
661,613
662,626
663,639
664,642
665,655
666,668
667,671
668,684
669,697
670,704
671,717
672,720
673,733
674,746
675,759
676,762
677,775
678,788
679,791
680,808
681,811
682,824
683,837
684,840
685,853
686,866
687,879
688,882
689,895
690,902
691,915
692,928
693,931
694,944
695,957
696,960
697,973
698,986
699,999
700,007
701,010
702,023
703,036
704,049
705,052
706,065
707,078
708,081
709,094
710,101
711,114
712,127
713,130
714,143
715,156
716,169
717,172
718,185
719,198
720,205
721,218
722,221
723,234
724,247
725,250
726,263
727,276
728,289
729,292
730,309
731,312
732,325
733,338
734,341
735,354
736,367
737,370
738,383
739,396
740,403
741,416
742,429
743,432
744,445
745,458
746,461
747,474
748,487
749,490
750,507
751,510
752,523
753,536
754,549
755,552
756,565
757,578
758,581
759,594
760,601
761,614
762,627
763,630
764,643
765,656
766,669
767,672
768,685
769,698
770,705
771,718
772,721
773,734
774,747
775,750
776,763
777,776
778,789
779,792
780,809
781,812
782,825
783,838
784,841
785,854
786,867
787,870
788,883
789,896
790,903
791,916
792,929
793,932
794,945
795,958
796,961
797,974
798,987
799,990
800,008
801,011
802,024
803,037
804,040
805,053
806,066
807,079
808,082
809,095
810,102
811,115
812,128
813,131
814,144
815,157
816,160
817,173
818,186
819,199
820,206
821,219
822,222
823,235
824,248
825,251
826,264
827,277
828,280
829,293
830,300
831,313
832,326
833,339
834,342
835,355
836,368
837,371
838,384
839,397
840,404
841,417
842,420
843,433
844,446
845,459
846,462
847,475
848,488
849,491
850,508
851,511
852,524
853,537
854,540
855,553
856,566
857,579
858,582
859,595
860,602
861,615
862,628
863,631
864,644
865,657
866,660
867,673
868,686
869,699
870,706
871,719
872,722
873,735
874,748
875,751
876,764
877,777
878,780
879,793
880,800
881,813
882,826
883,839
884,842
885,855
886,868
887,871
888,884
889,897
890,904
891,917
892,920
893,933
894,946
895,959
896,962
897,975
898,988
899,991
900,009
901,012
902,025
903,038
904,041
905,054
906,067
907,070
908,083
909,096
910,103
911,116
912,129
913,132
914,145
915,158
916,161
917,174
918,187
919,190
920,207
921,210
922,223
923,236
924,249
925,252
926,265
927,278
928,281
929,294
930,301
931,314
932,327
933,330
934,343
935,356
936,369
937,372
938,385
939,398
940,405
941,418
942,421
943,434
944,447
945,450
946,463
947,476
948,489
949,492
950,509
951,512
952,525
953,538
954,541
955,554
956,567
957,570
958,583
959,596
960,603
961,616
962,629
963,632
964,645
965,658
966,661
967,674
968,687
969,690
970,707
971,710
972,723
973,736
974,749
975,752
976,765
977,778
978,781
979,794
980,801
981,814
982,827
983,830
984,843
985,856
986,869
987,872
988,885
989,898
990,905
991,918
992,921
993,934
994,947
995,950
996,963
997,976
998,989
999,992
