000,000
001,019
002,028
003,037
004,046
005,055
006,064
007,073
008,082
009,091
010,100
011,119
012,128
013,137
014,146
015,155
016,164
017,173
018,182
019,191
020,200
021,219
022,228
023,237
024,246
025,255
026,264
027,273
028,282
029,291
030,300
031,319
032,328
033,337
034,346
035,355
036,364
037,373
038,382
039,391
040,400
041,419
042,428
043,437
044,446
045,455
046,464
047,473
048,482
049,491
050,500
051,519
052,528
053,537
054,546
055,555
056,564
057,573
058,582
059,591
060,600
061,619
062,628
063,637
064,646
065,655
066,664
067,673
068,682
069,691
070,700
071,719
072,728
073,737
074,746
075,755
076,764
077,773
078,782
079,791
080,800
081,819
082,828
083,837
084,846
085,855
086,864
087,873
088,882
089,891
090,900
091,919
092,928
093,937
094,946
095,955
096,964
097,973
098,982
099,991
100,001
101,010
102,029
103,038
104,047
105,056
106,065
107,074
108,083
109,092
110,101
111,110
112,129
113,138
114,147
115,156
116,165
117,174
118,183
119,192
120,201
121,210
122,229
123,238
124,247
125,256
126,265
127,274
128,283
129,292
130,301
131,310
132,329
133,338
134,347
135,356
136,365
137,374
138,383
139,392
140,401
141,410
142,429
143,438
144,447
145,456
146,465
147,474
148,483
149,492
150,501
151,510
152,529
153,538
154,547
155,556
156,565
157,574
158,583
159,592
160,601
161,610
162,629
163,638
164,647
165,656
166,665
167,674
168,683
169,692
170,701
171,710
172,729
173,738
174,747
175,756
176,765
177,774
178,783
179,792
180,801
181,810
182,829
183,838
184,847
185,856
186,865
187,874
188,883
189,892
190,901
191,910
192,929
193,938
194,947
195,956
196,965
197,974
198,983
199,992
200,002
201,011
202,020
203,039
204,048
205,057
206,066
207,075
208,084
209,093
210,102
211,111
212,120
213,139
214,148
215,157
216,166
217,175
218,184
219,193
220,202
221,211
222,220
223,239
224,248
225,257
226,266
227,275
228,284
229,293
230,302
231,311
232,320
233,339
234,348
235,357
236,366
237,375
238,384
239,393
240,402
241,411
242,420
243,439
244,448
245,457
246,466
247,475
248,484
249,493
250,502
251,511
252,520
253,539
254,548
255,557
256,566
257,575
258,584
259,593
260,602
261,611
262,620
263,639
264,648
265,657
266,666
267,675
268,684
269,693
270,702
271,711
272,720
273,739
274,748
275,757
276,766
277,775
278,784
279,793
280,802
281,811
282,820
283,839
284,848
285,857
286,866
287,875
288,884
289,893
290,902
291,911
292,920
293,939
294,948
295,957
296,966
297,975
298,984
299,993
300,003
301,012
302,021
303,030
304,049
305,058
306,067
307,076
308,085
309,094
310,103
311,112
312,121
313,130
314,149
315,158
316,167
317,176
318,185
319,194
320,203
321,212
322,221
323,230
324,249
325,258
326,267
327,276
328,285
329,294
330,303
331,312
332,321
333,330
334,349
335,358
336,367
337,376
338,385
339,394
340,403
341,412
342,421
343,430
344,449
345,458
346,467
347,476
348,485
349,494
350,503
351,512
352,521
353,530
354,549
355,558
356,567
357,576
358,585
359,594
360,603
361,612
362,621
363,630
364,649
365,658
366,667
367,676
368,685
369,694
370,703
371,712
372,721
373,730
374,749
375,758
376,767
377,776
378,785
379,794
380,803
381,812
382,821
383,830
384,849
385,858
386,867
387,876
388,885
389,894
390,903
391,912
392,921
393,930
394,949
395,958
396,967
397,976
398,985
399,994
400,004
401,013
402,022
403,031
404,040
405,059
406,068
407,077
408,086
409,095
410,104
411,113
412,122
413,131
414,140
415,159
416,168
417,177
418,186
419,195
420,204
421,213
422,222
423,231
424,240
425,259
426,268
427,277
428,286
429,295
430,304
431,313
432,322
433,331
434,340
435,359
436,368
437,377
438,386
439,395
440,404
441,413
442,422
443,431
444,440
445,459
446,468
447,477
448,486
449,495
450,504
451,513
452,522
453,531
454,540
455,559
456,568
457,577
458,586
459,595
460,604
461,613
462,622
463,631
464,640
465,659
466,668
467,677
468,686
469,695
470,704
471,713
472,722
473,731
474,740
475,759
476,768
477,777
478,786
479,795
480,804
481,813
482,822
483,831
484,840
485,859
486,868
487,877
488,886
489,895
490,904
491,913
492,922
493,931
494,940
495,959
496,968
497,977
498,986
499,995
500,005
501,014
502,023
503,032
504,041
505,050
506,069
507,078
508,087
509,096
510,105
511,114
512,123
513,132
514,141
515,150
516,169
517,178
518,187
519,196
520,205
521,214
522,223
523,232
524,241
525,250
526,269
527,278
528,287
529,296
530,305
531,314
532,323
533,332
534,341
535,350
536,369
537,378
538,387
539,396
540,405
541,414
542,423
543,432
544,441
545,450
546,469
547,478
548,487
549,496
550,505
551,514
552,523
553,532
554,541
555,550
556,569
557,578
558,587
559,596
560,605
561,614
562,623
563,632
564,641
565,650
566,669
567,678
568,687
569,696
570,705
571,714
572,723
573,732
574,741
575,750
576,769
577,778
578,787
579,796
580,805
581,814
582,823
583,832
584,841
585,850
586,869
587,878
588,887
589,896
590,905
591,914
592,923
593,932
594,941
595,950
596,969
597,978
598,987
599,996
600,006
601,015
602,024
603,033
604,042
605,051
606,060
607,079
608,088
609,097
610,106
611,115
612,124
613,133
614,142
615,151
616,160
617,179
618,188
619,197
620,206
621,215
622,224
623,233
624,242
625,251
626,260
627,279
628,288
629,297
630,306
631,315
632,324
633,333
634,342
635,351
636,360
637,379
638,388
639,397
640,406
641,415
642,424
643,433
644,442
645,451
646,460
647,479
648,488
649,497
650,506
651,515
652,524
653,533
654,542
655,551
656,560
657,579
658,588
659,597
660,606
661,615
662,624
663,633
664,642
665,651
666,660
667,679
668,688
669,697
670,706
671,715
672,724
673,733
674,742
675,751
676,760
677,779
678,788
679,797
680,806
681,815
682,824
683,833
684,842
685,851
686,860
687,879
688,888
689,897
690,906
691,915
692,924
693,933
694,942
695,951
696,960
697,979
698,988
699,997
700,007
701,016
702,025
703,034
704,043
705,052
706,061
707,070
708,089
709,098
710,107
711,116
712,125
713,134
714,143
715,152
716,161
717,170
718,189
719,198
720,207
721,216
722,225
723,234
724,243
725,252
726,261
727,270
728,289
729,298
730,307
731,316
732,325
733,334
734,343
735,352
736,361
737,370
738,389
739,398
740,407
741,416
742,425
743,434
744,443
745,452
746,461
747,470
748,489
749,498
750,507
751,516
752,525
753,534
754,543
755,552
756,561
757,570
758,589
759,598
760,607
761,616
762,625
763,634
764,643
765,652
766,661
767,670
768,689
769,698
770,707
771,716
772,725
773,734
774,743
775,752
776,761
777,770
778,789
779,798
780,807
781,816
782,825
783,834
784,843
785,852
786,861
787,870
788,889
789,898
790,907
791,916
792,925
793,934
794,943
795,952
796,961
797,970
798,989
799,998
800,008
801,017
802,026
803,035
804,044
805,053
806,062
807,071
808,080
809,099
810,108
811,117
812,126
813,135
814,144
815,153
816,162
817,171
818,180
819,199
820,208
821,217
822,226
823,235
824,244
825,253
826,262
827,271
828,280
829,299
830,308
831,317
832,326
833,335
834,344
835,353
836,362
837,371
838,380
839,399
840,408
841,417
842,426
843,435
844,444
845,453
846,462
847,471
848,480
849,499
850,508
851,517
852,526
853,535
854,544
855,553
856,562
857,571
858,580
859,599
860,608
861,617
862,626
863,635
864,644
865,653
866,662
867,671
868,680
869,699
870,708
871,717
872,726
873,735
874,744
875,753
876,762
877,771
878,780
879,799
880,808
881,817
882,826
883,835
884,844
885,853
886,862
887,871
888,880
889,899
890,908
891,917
892,926
893,935
894,944
895,953
896,962
897,971
898,980
899,999
900,009
901,018
902,027
903,036
904,045
905,054
906,063
907,072
908,081
909,090
910,109
911,118
912,127
913,136
914,145
915,154
916,163
917,172
918,181
919,190
920,209
921,218
922,227
923,236
924,245
925,254
926,263
927,272
928,281
929,290
930,309
931,318
932,327
933,336
934,345
935,354
936,363
937,372
938,381
939,390
940,409
941,418
942,427
943,436
944,445
945,454
946,463
947,472
948,481
949,490
950,509
951,518
952,527
953,536
954,545
955,554
956,563
957,572
958,581
959,590
960,609
961,618
962,627
963,636
964,645
965,654
966,663
967,672
968,681
969,690
970,709
971,718
972,727
973,736
974,745
975,754
976,763
977,772
978,781
979,790
980,809
981,818
982,827
983,836
984,845
985,854
986,863
987,872
988,881
989,890
990,909
991,918
992,927
993,936
994,945
995,954
996,963
997,972
998,981
999,990
