01001,01001
1001,1001
01002,01002
1002,1002
01003,01003
1003,1003
01004,01007
1004,1007
01005,01005
1005,1005
01006,01006
1006,1006
01007,01007
1007,1007
01008,01007
1008,1007
01009,01009
1009,1009
01010,01010
1010,1010
01011,01011
1011,1011
02001,02001
2001,2001
02002,02002
2002,2002
02003,02003
2003,2003
02004,02004
2004,2004
02005,02005
2005,2005
02006,02006
2006,2006
03001,03001
3001,3001
03002,03002
3002,3002
03003,03003
3003,3003
03008,03008
3008,3008
03009,03001
3009,3001
04001,04001
4001,4001
04002,04002
4002,4002
04003,04003
4003,4003
04004,04004
4004,4004
04005,04005
4005,4005
04006,04006
4006,4006
04007,04003
4007,4003
04008,04005
4008,4005
04009,04009
4009,4009
04010,04010
4010,4010
04011,04011
4011,4011
04012,04002
4012,4002
05001,05031
5001,5031
05002,05002
5002,5002
05003,05003
5003,5003
05004,05004
5004,5004
05005,05018
5005,5018
05006,05006
5006,5006
05007,05010
5007,5010
05008,05031
5008,5031
05009,05009
5009,5009
05010,05010
5010,5010
05011,05030
5011,5030
05012,05022
5012,5022
05013,05022
5013,5022
05014,05002
5014,5002
05015,05028
5015,5028
05016,05031
5016,5031
05017,05017
5017,5017
05018,05018
5018,5018
05019,05003
5019,5003
05020,05020
5020,5020
05021,05031
5021,5031
05022,05022
5022,5022
05023,05031
5023,5031
05024,05024
5024,5024
05025,05025
5025,5025
05026,05028
5026,5028
05027,05027
5027,5027
05028,05028
5028,5028
05029,05031
5029,5031
05030,05030
5030,5030
05031,05031
5031,5031
05032,05032
5032,5032
05033,05033
5033,5033
05034,05009
5034,5009
05035,05035
5035,5035
05036,05036
5036,5036
05037,05003
5037,5003
05038,05022
5038,5022
06001,06001
6001,6001
06002,06002
6002,6002
06003,06003
6003,6003
06004,06004
6004,6004
06005,06005
6005,6005
06006,06004
6006,6004
06007,06007
6007,6007
06008,06007
6008,6007
06009,06009
6009,6009
06010,06010
6010,6010
07001,07032
7001,7032
07002,07002
7002,7002
07003,07003
7003,7003
07004,07004
7004,7004
07005,07005
7005,7005
07006,07006
7006,7006
07007,07094
7007,7094
07008,07008
7008,7008
07009,07009
7009,7009
07010,07006
7010,7006
07011,07011
7011,7011
07012,07012
7012,7012
07013,07013
7013,7013
07014,07014
7014,7014
07015,07015
7015,7015
07016,07077
7016,7077
07017,07017
7017,7017
07018,07021
7018,7021
07019,07019
7019,7019
07020,07020
7020,7020
07021,07021
7021,7021
07022,07022
7022,7022
07023,07023
7023,7023
07024,07064
7024,7064
07025,07068
7025,7068
07026,07026
7026,7026
07027,07027
7027,7027
07028,07002
7028,7002
07029,07079
7029,7079
07030,07030
7030,7030
07031,07031
7031,7031
07032,07032
7032,7032
07033,07092
7033,7092
07034,07034
7034,7034
07035,07087
7035,7087
07036,07011
7036,7011
07037,07037
7037,7037
07038,07038
7038,7038
07039,07039
7039,7039
07040,07040
7040,7040
07041,07041
7041,7041
07042,07068
7042,7068
07043,07068
7043,7068
07044,07044
7044,7044
07045,07068
7045,7068
07046,07046
7046,7046
07047,07047
7047,7047
07048,07048
7048,7048
07049,07049
7049,7049
07050,07065
7050,7065
07051,07051
7051,7051
07052,07052
7052,7052
07053,07057
7053,7057
07054,07054
7054,7054
07055,07089
7055,7089
07056,07026
7056,7026
07057,07057
7057,7057
07058,07106
7058,7106
07059,07059
7059,7059
07060,07021
7060,7021
07061,07061
7061,7061
07062,07068
7062,7068
07063,07079
7063,7079
07064,07064
7064,7064
07065,07065
7065,7065
07066,07066
7066,7066
07067,07021
7067,7021
07068,07068
7068,7068
07069,07069
7069,7069
07070,07057
7070,7057
07071,07071
7071,7071
07072,07072
7072,7072
07073,07021
7073,7021
07074,07074
7074,7074
07075,07075
7075,7075
07076,07076
7076,7076
07077,07077
7077,7077
07078,07078
7078,7078
07079,07079
7079,7079
07080,07080
7080,7080
07081,07081
7081,7081
07082,07031
7082,7031
07083,07075
7083,7075
07084,07068
7084,7068
07085,07044
7085,7044
07086,07086
7086,7086
07087,07087
7087,7087
07088,07068
7088,7068
07089,07089
7089,7089
07090,07021
7090,7021
07091,07021
7091,7021
07092,07092
7092,7092
07093,07093
7093,7093
07094,07094
7094,7094
07096,07096
7096,7096
07097,07097
7097,7097
07098,07002
7098,7002
07099,07099
7099,7099
07100,07100
7100,7100
07101,07101
7101,7101
07102,07102
7102,7102
07103,07103
7103,7103
07104,07019
7104,7019
07105,07037
7105,7037
07106,07106
7106,7106
07107,07107
7107,7107
07108,07108
7108,7108
07109,07109
7109,7109
07110,07002
7110,7002
07111,07111
7111,7111
07112,07112
7112,7112
07113,07049
7113,7049
07114,07114
7114,7114
07115,07052
7115,7052
07116,07114
7116,7114
07117,07008
7117,7008
07118,07047
7118,7047
07119,07049
7119,7049
07120,07032
7120,7032
07121,07072
7121,7072
07122,07086
7122,7086
07123,07002
7123,7002
07124,07124
7124,7124
07125,07080
7125,7080
08001,08037
8001,8037
08002,08002
8002,8002
08003,08032
8003,8032
08004,08004
8004,8004
08005,08005
8005,8005
08006,08031
8006,8031
08007,08029
8007,8029
08008,08009
8008,8009
08009,08009
8009,8009
08010,08010
8010,8010
08011,08011
8011,8011
08012,08009
8012,8009
08013,08050
8013,8050
08014,08032
8014,8032
08015,08052
8015,8052
08016,08011
8016,8011
08017,08017
8017,8017
08018,08017
8018,8017
08019,08019
8019,8019
08020,08009
8020,8009
08021,08021
8021,8021
08022,08017
8022,8017
08023,08050
8023,8050
08024,08019
8024,8019
08025,08048
8025,8048
08026,08017
8026,8017
08027,08027
8027,8027
08028,08037
8028,8037
08029,08029
8029,8029
08030,08009
8030,8009
08031,08031
8031,8031
08032,08032
8032,8032
08033,08032
8033,8032
08034,08010
8034,8010
08035,08050
8035,8050
08036,08036
8036,8036
08037,08037
8037,8037
08038,08045
8038,8045
08039,08036
8039,8036
08040,08040
8040,8040
08041,08009
8041,8009
08042,08052
8042,8052
08043,08031
8043,8031
08044,08032
8044,8032
08045,08045
8045,8045
08046,08027
8046,8027
08047,08031
8047,8031
08048,08048
8048,8048
08049,08009
8049,8009
08050,08050
8050,8050
08051,08031
8051,8031
08052,08052
8052,8052
08053,08037
8053,8037
08054,08017
8054,8017
08055,08021
8055,8021
08056,08032
8056,8032
08057,08017
8057,8017
08058,08011
8058,8011
08059,08032
8059,8032
08060,08032
8060,8032
08061,08017
8061,8017
08062,08062
8062,8062
08063,08031
8063,8031
08064,08032
8064,8032
08065,08009
8065,8009
08066,08009
8066,8009
08067,08011
8067,8011
09002,09002
9002,9002
09003,09003
9003,9003
09004,09004
9004,9004
09005,09005
9005,9005
09006,09006
9006,9006
09007,09007
9007,9007
09008,09008
9008,9008
09009,09009
9009,9009
09010,09010
9010,9010
09011,09011
9011,9011
09012,09012
9012,9012
09013,09013
9013,9013
09014,09014
9014,9014
09015,09015
9015,9015
09016,09016
9016,9016
09017,09017
9017,9017
10001,10001
10002,10034
10003,10001
10004,10004
10005,10005
10006,10004
10007,10007
10008,10008
10009,10032
10010,10013
10011,10032
10012,10012
10013,10013
10014,10014
10015,10013
10016,10022
10017,10032
10018,10032
10019,10039
10020,10008
10021,10008
10022,10022
10023,10023
10024,10001
10025,10032
10026,10039
10027,10004
10028,10001
10029,10013
10030,10013
10031,10004
10032,10032
10033,10038
10034,10034
10035,10032
10036,10036
10037,10034
10038,10038
10039,10039
11001,11001
11002,11002
11003,11003
11004,11004
11005,11005
11006,11040
11007,11007
11008,11008
11009,11009
11010,11019
11011,11011
11012,11012
11013,11013
11014,11014
11015,11015
11016,11016
11017,11017
11018,11018
11019,11019
11020,11020
11021,11021
11022,11022
11023,11023
11024,11017
11025,11025
11026,11026
11027,11027
11028,11028
11029,11029
11030,11030
11031,11031
11032,11032
11033,11033
11034,11040
11035,11035
11036,11028
11037,11037
11038,11019
11039,11039
11040,11040
11041,11041
11042,11042
11043,11043
11044,11044
11045,11043
11046,11046
12001,12001
12002,12002
12003,12003
12004,12004
12005,12066
12006,12058
12007,12007
12008,12034
12009,12041
12010,12010
12011,12011
12012,12012
12013,12052
12014,12011
12015,12034
12016,12068
12017,12035
12018,12052
12019,12034
12020,12020
12021,12021
12022,12022
12023,12023
12024,12045
12025,12030
12026,12058
12027,12027
12028,12028
12029,12029
12030,12030
12031,12007
12032,12032
12033,12045
12034,12034
12035,12035
12036,12046
12037,12058
12038,12038
12039,12039
12040,12040
12041,12041
12042,12074
12043,12078
12044,12061
12045,12045
12046,12046
12047,12058
12048,12048
12049,12055
12050,12050
12051,12051
12052,12052
12053,12053
12054,12054
12055,12055
12056,12056
12057,12057
12058,12058
12059,12059
12060,12055
12061,12061
12062,12062
12063,12041
12064,12027
12065,12004
12066,12066
12067,12067
12068,12068
12069,12066
12070,12045
12071,12071
12072,12020
12073,12022
12074,12074
12075,12075
12076,12076
12077,12052
12078,12078
12079,12028
12080,12052
12081,12041
13001,13001
13002,13002
13003,13003
13004,13001
13005,13074
13006,13030
13007,13008
13008,13008
13009,13003
13010,13010
13011,13025
13012,13012
13013,13013
13014,13073
13015,13030
13016,13016
13017,13067
13018,13018
13019,13050
13020,13037
13021,13008
13022,13051
13023,13023
13024,13012
13025,13025
13026,13080
13027,13027
13028,13028
13029,13029
13030,13030
13031,13018
13032,13046
13033,13037
13034,13073
13035,13002
13036,13081
13037,13037
13038,13048
13039,13048
13040,13018
13041,13041
13042,13081
13043,13084
13044,13029
13045,13048
13046,13046
13047,13084
13048,13048
13049,13018
13050,13050
13051,13051
13052,13052
13053,13027
13054,13054
13055,13003
13056,13056
13057,13083
13058,13030
13059,13059
13060,13002
13061,13061
13062,13062
13063,13063
13064,13067
13065,13074
13066,13082
13067,13067
13068,13081
13069,13069
13070,13074
13071,13073
13072,13061
13073,13073
13074,13074
13075,13075
13076,13076
13077,13077
13078,13080
13079,13081
13080,13080
13081,13081
13082,13082
13083,13083
13084,13084
14001,14001
14002,14002
14003,14003
14004,14119
14005,14009
14006,14006
14007,14036
14008,14008
14009,14009
14010,14119
14011,14006
14012,14006
14013,14013
14014,14119
14015,14015
14016,14016
14017,14006
14018,14018
14019,14061
14020,14067
14021,14021
14022,14022
14023,14023
14024,14024
14025,14061
14026,14085
14027,14021
14028,14006
14029,14045
14030,14030
14031,14061
14032,14024
14033,14033
14034,14037
14035,14035
14036,14036
14037,14037
14038,14006
14039,14039
14040,14036
14041,14061
14042,14061
14043,14043
14044,14044
14045,14045
14046,14046
14047,14047
14048,14016
14049,14085
14050,14050
14051,14051
14052,14006
14053,14053
14054,14037
14055,14055
14056,14085
14057,14096
14058,14006
14059,14085
14060,14118
14061,14061
14062,14006
14063,14063
14064,14064
14065,14108
14066,14066
14067,14067
14068,14021
14069,14085
14070,14070
14071,14045
14072,14033
14073,14073
14074,14078
14075,14036
14076,14061
14077,14077
14078,14078
14079,14023
14080,14036
14081,14061
14082,14082
14083,14083
14084,14006
14085,14085
14086,14086
14087,14108
14088,14006
14089,14119
14090,14006
14091,14091
14092,14050
14093,14093
14094,14094
14095,14003
14096,14096
14097,14097
14098,14098
14099,14086
14100,14100
14101,14101
14102,14086
14103,14108
14104,14061
14105,14105
14106,14086
14107,14030
14108,14108
14109,14073
14110,14037
14111,14078
14112,14085
14113,14086
14114,14002
14115,14061
14116,14116
14117,14118
14118,14118
14119,14119
14120,14120
14121,14121
14122,14023
14123,14066
14124,14124
14125,14008
15001,15001
15002,15002
15003,15003
15004,15080
15005,15005
15006,15101
15007,15007
15008,15008
15009,15009
15010,15010
15011,15011
15012,15101
15013,15013
15014,15014
15015,15015
15016,15016
15017,15009
15018,15018
15019,15019
15020,15020
15021,15021
15022,15025
15023,15023
15024,15024
15025,15025
15026,15026
15027,15073
15028,15028
15029,15029
15030,15030
15031,15031
15032,15032
15033,15033
15034,15015
15035,15035
15036,15036
15037,15037
15038,15060
15039,15039
15040,15040
15041,15032
15042,15042
15043,15043
15044,15044
15045,15045
15046,15060
15047,15047
15048,15048
15049,15090
15050,15050
15051,15051
15052,15052
15053,15053
15054,15054
15055,15054
15056,15056
15057,15057
15058,15058
15059,15059
15060,15060
15061,15016
15062,15062
15063,15063
15064,15064
15065,15065
15066,15110
15067,15067
15068,15068
15069,15028
15070,15070
15071,15003
15072,15073
15073,15073
15074,15074
15075,15075
15076,15076
15077,15086
15078,15110
15079,15003
15080,15080
15081,15081
15082,15082
15083,15025
15084,15084
15085,15085
15086,15086
15087,15087
15088,15088
15089,15050
15090,15090
15091,15091
15092,15092
15093,15093
15094,15094
15095,15095
15096,15096
15097,15080
15098,15101
15099,15099
15100,15100
15101,15101
15102,15056
15103,15103
15104,15104
15105,15105
15106,15106
15107,15040
15108,15108
15109,15109
15110,15110
15111,15111
15112,15112
15113,15113
15114,15114
15115,15115
15116,15110
15117,15040
15118,15118
15119,15040
15120,15120
15121,15121
15122,15122
15123,15123
15124,15124
15125,15059
16001,16053
16002,16010
16003,16003
16004,16113
16005,16061
16006,16006
16007,16061
16008,16008
16009,16009
16010,16010
16011,16105
16012,16012
16013,16097
16014,16008
16015,16008
16016,16016
16017,16017
16018,16020
16019,16019
16020,16020
16021,16065
16022,16022
16023,16062
16024,16024
16025,16025
16026,16008
16027,16088
16028,16069
16029,16035
16030,16106
16031,16017
16032,16066
16033,16033
16034,16034
16035,16035
16036,16020
16037,16016
16038,16038
16039,16073
16040,16110
16041,16034
16042,16105
16043,16043
16044,16107
16045,16045
16046,16112
16047,16098
16048,16073
16049,16082
16050,16050
16051,16045
16052,16052
16053,16053
16054,16071
16055,16055
16056,16056
16057,16097
16058,16058
16059,16009
16060,16113
16061,16061
16062,16062
16063,16107
16064,16064
16065,16065
16066,16066
16067,16113
16068,16068
16069,16069
16070,16025
16071,16071
16072,16110
16073,16073
16074,16076
16075,16075
16076,16076
16077,16038
16078,16071
16079,16079
16080,16061
16081,16112
16082,16082
16083,16083
16084,16084
16085,16085
16086,16106
16087,16009
16088,16088
16089,16089
16090,16056
16091,16075
16092,16038
16093,16093
16094,16025
16095,16075
16096,16010
16097,16097
16098,16098
16099,16112
16100,16073
16101,16110
16102,16102
16103,16103
16104,16062
16105,16105
16106,16106
16107,16107
16108,16108
16109,16113
16110,16110
16111,16056
16112,16112
16113,16113
17001,17017
17002,17002
17003,17003
17004,17004
17005,17017
17006,17006
17007,17007
17008,17008
17009,17009
17010,17019
17011,17011
17012,17012
17013,17019
17014,17017
17015,17028
17016,17030
17017,17017
17018,17018
17019,17019
17020,17020
17021,17017
17022,17030
17023,17002
17024,17024
17025,17025
17026,17002
17027,17002
17028,17028
17029,17029
17030,17030
17031,17031
17032,17030
17033,17030
17034,17035
17035,17035
17036,17030
18001,18001
18002,18006
18003,18006
18004,18004
18005,18001
18006,18006
18007,18006
18008,18008
18009,18009
18010,18010
18011,18011
18012,18012
18013,18004
18014,18014
18015,18015
18016,18016
18017,18017
18018,18018
18019,18006
18020,18020
19001,19010
19002,19044
19003,19044
19004,19004
19005,19044
19006,19006
19007,19033
19008,19044
19009,19009
19010,19010
19011,19044
19012,19012
19013,19038
19014,19014
19015,19038
19016,19038
19017,19017
19018,19018
19019,19019
19020,19038
19021,19021
19022,19038
19023,19044
19024,19014
19025,19025
19026,19026
19027,19038
19028,19025
19029,19033
19030,19033
19031,19031
19032,19044
19033,19033
19034,19025
19035,19044
19036,19014
19037,19044
19038,19038
19039,19039
19040,19044
19041,19041
19042,19038
19043,19004
19044,19044
19045,19045
19046,19046
19047,19010
19048,19048
19049,19049
19050,19044
19051,19044
20001,20399
20002,20002
20003,20190
20004,20039
20005,20014
20006,20006
20007,20068
20008,20515
20009,20559
20010,20057
20011,20469
20012,20324
20013,20570
20014,20014
20015,20028
20016,20469
20017,20028
20018,20039
20019,20559
20020,20073
20021,20002
20022,20039
20023,20023
20024,20559
20025,20043
20026,20397
20027,20559
20028,20028
20029,20041
20030,20043
20031,20390
20032,20469
20033,20399
20034,20469
20035,20390
20036,20198
20037,20073
20038,20390
20039,20039
20040,20041
20041,20041
20042,20390
20043,20043
20044,20044
20045,20399
20046,20006
20047,20039
20048,20570
20049,20068
20050,20397
20051,20551
20052,20515
20053,20014
20054,20006
20055,20469
20056,20482
20057,20057
20058,20041
20059,20059
20060,20390
20061,20059
20062,20390
20063,20399
20064,20515
20065,20469
20066,20043
20067,20067
20068,20068
20069,20028
20070,20334
20071,20413
20072,20068
20073,20073
20074,20059
20075,20043
20076,20334
20077,20399
20078,20107
20079,20079
20080,20028
20081,20469
20082,20334
20083,20107
20084,20399
20085,20085
20086,20397
20087,20390
20088,20334
20089,20039
20090,20334
20091,20390
20092,20399
20093,20006
20094,20006
20095,20059
20096,20006
20097,20390
20098,20559
20099,20469
20100,20559
20101,20028
20102,20399
20103,20068
20104,20570
20105,20397
20106,20039
20107,20107
20108,20334
20109,20041
20110,20397
20111,20482
20112,20068
20113,20085
20114,20390
20115,20565
20116,20134
20117,20401
20118,20551
20119,20397
20120,20390
20121,20006
20122,20515
20123,20570
20124,20515
20125,20059
20126,20059
20127,20397
20128,20559
20129,20006
20130,20043
20131,20551
20132,20068
20133,20397
20134,20134
20135,20399
20136,20559
20137,20334
20138,20390
20139,20559
20140,20006
20141,20043
20142,20041
20143,20043
20144,20006
20145,20107
20146,20059
20147,20006
20148,20085
20149,20028
20150,20399
20151,20039
20152,20469
20153,20334
20154,20059
20155,20028
20156,20559
20157,20399
20158,20334
20159,20059
20160,20039
20161,20006
20162,20068
20163,20041
20164,20469
20165,20039
20166,20559
20167,20059
20168,20482
20169,20406
20170,20059
20171,20041
20172,20397
20173,20390
20174,20565
20175,20399
20176,20006
20177,20559
20178,20399
20179,20399
20180,20482
20181,20039
20182,20559
20183,20469
20184,20184
20185,20482
20186,20469
20187,20041
20188,20334
20189,20190
20190,20190
20191,20390
20192,20068
20193,20399
20194,20551
20195,20006
20196,20390
20197,20551
20198,20198
20199,20469
20200,20198
20201,20559
20202,20334
20203,20028
20204,20515
20205,20190
20206,20041
20207,20190
20208,20397
20209,20059
20210,20397
20211,20085
20212,20559
20213,20334
20214,20559
20215,20006
20216,20559
20217,20006
20218,20397
20219,20551
20220,20559
20221,20006
20222,20559
20223,20559
20224,20006
20225,20334
20226,20551
20227,20399
20228,20406
20229,20334
20230,20469
20231,20198
20232,20232
20233,20551
20234,20041
20235,20059
20236,20085
20237,20039
20238,20028
20239,20397
20240,20397
20241,20028
20242,20469
20243,20068
20244,20041
20245,20469
20246,20390
20247,20390
20248,20043
20249,20041
20250,20006
20251,20469
20252,20397
20253,20413
20254,20085
20255,20397
20256,20039
20257,20559
20258,20397
20259,20469
20260,20399
20261,20469
20262,20390
20263,20059
20264,20006
20265,20057
20266,20413
20267,20390
20268,20028
20269,20397
20270,20006
20271,20570
20272,20334
20273,20570
20274,20334
20275,20198
20276,20559
20277,20028
20278,20278
20279,20085
20280,20559
20281,20006
20282,20515
20283,20006
20284,20068
20285,20482
20286,20469
20287,20039
20288,20559
20289,20028
20290,20469
20291,20059
20292,20023
20293,20399
20294,20399
20295,20570
20296,20559
20297,20397
20298,20551
20299,20390
20300,20482
20301,20068
20302,20334
20303,20390
20304,20006
20305,20014
20306,20085
20307,20079
20308,20079
20309,20134
20310,20399
20311,20006
20312,20482
20313,20006
20314,20334
20315,20068
20316,20059
20317,20397
20318,20318
20319,20059
20320,20397
20321,20039
20322,20041
20323,20198
20324,20324
20325,20551
20326,20559
20327,20043
20328,20028
20329,20006
20330,20559
20331,20006
20332,20006
20333,20551
20334,20334
20335,20559
20336,20559
20337,20390
20338,20399
20339,20006
20340,20039
20341,20006
20342,20565
20343,20551
20344,20059
20345,20482
20346,20397
20347,20059
20348,20469
20349,20551
20350,20390
20351,20059
20352,20469
20353,20059
20354,20406
20355,20559
20356,20551
20357,20515
20358,20570
20359,20399
20360,20570
20361,20059
20362,20059
20363,20390
20364,20334
20365,20390
20366,20085
20367,20334
20368,20068
20369,20570
20370,20397
20371,20397
20372,20397
20373,20039
20374,20041
20375,20390
20376,20469
20377,20334
20378,20570
20379,20397
20380,20551
20381,20469
20382,20334
20383,20397
20384,20059
20385,20385
20386,20334
20387,20570
20388,20570
20389,20570
20390,20390
20391,20059
20392,20073
20393,20068
20394,20190
20395,20006
20396,20041
20397,20397
20398,20028
20399,20399
20400,20039
20401,20401
20402,20482
20403,20565
20404,20006
20405,20039
20406,20406
20407,20057
20408,20397
20409,20390
20410,20515
20411,20107
20412,20014
20413,20413
20414,20334
20415,20482
20416,20006
20417,20559
20418,20515
20419,20390
20420,20334
20421,20515
20422,20006
20423,20397
20424,20085
20425,20559
20426,20006
20427,20057
20428,20059
20429,20334
20430,20397
20431,20006
20432,20559
20433,20334
20434,20041
20435,20551
20436,20006
20437,20390
20438,20559
20439,20439
20440,20515
20441,20043
20442,20390
20443,20390
20444,20334
20445,20397
20446,20073
20447,20334
20448,20334
20449,20059
20450,20334
20451,20006
20452,20068
20453,20079
20454,20190
20455,20039
20456,20039
20457,20559
20458,20559
20459,20039
20460,20190
20461,20469
20462,20039
20463,20006
20464,20039
20465,20198
20466,20334
20467,20334
20468,20190
20469,20469
20470,20014
20471,20559
20472,20014
20473,20390
20474,20482
20475,20551
20476,20039
20477,20334
20478,20399
20479,20006
20480,20397
20481,20073
20482,20482
20483,20399
20484,20469
20485,20482
20486,20006
20487,20006
20488,20039
20489,20334
20490,20406
20491,20334
20492,20006
20493,20006
20494,20399
20495,20085
20496,20390
20497,20334
20498,20190
20499,20397
20500,20334
20501,20469
20502,20190
20503,20390
20504,20399
20505,20043
20506,20390
20507,20482
20508,20014
20509,20439
20510,20334
20511,20006
20512,20059
20513,20057
20514,20559
20515,20515
20516,20334
20517,20551
20518,20006
20519,20390
20520,20039
20521,20006
20522,20390
20523,20006
20524,20039
20525,20043
20526,20334
20527,20559
20528,20397
20529,20469
20530,20068
20531,20399
20532,20397
20533,20059
20534,20028
20535,20334
20536,20006
20537,20469
20538,20059
20539,20399
20540,20039
20541,20559
20542,20028
20543,20334
20544,20399
20545,20041
20546,20107
20547,20039
20548,20039
20549,20039
20550,20107
20551,20551
20552,20039
20553,20390
20554,20559
20555,20565
20556,20039
20557,20043
20558,20559
20559,20559
20560,20551
20561,20068
20562,20006
20563,20028
20564,20006
20565,20565
20566,20334
20567,20469
20568,20039
20569,20006
20570,20570
21001,21001
21002,21043
21003,21003
21004,21004
21005,21069
21006,21183
21007,21085
21008,21071
21009,21003
21010,21010
21011,21047
21012,21179
21013,21013
21014,21183
21015,21015
21016,21172
21017,21017
21018,21161
21019,21019
21020,21189
21021,21051
21022,21069
21023,21045
21024,21047
21025,21043
21026,21074
21027,21013
21028,21183
21029,21043
21030,21043
21031,21085
21032,21047
21033,21069
21034,21034
21035,21035
21036,21217
21037,21169
21038,21118
21039,21172
21040,21106
21041,21041
21042,21085
21043,21043
21044,21212
21045,21045
21046,21149
21047,21047
21048,21048
21049,21183
21050,21050
21051,21051
21052,21085
21053,21053
21054,21054
21055,21035
21056,21047
21057,21109
21058,21058
21059,21003
21060,21074
21061,21217
21062,21085
21063,21099
21064,21194
21065,21065
21066,21003
21067,21058
21068,21183
21069,21069
21070,21106
21071,21071
21072,21043
21073,21047
21074,21074
21075,21017
21076,21076
21077,21043
21078,21207
21079,21189
21080,21043
21081,21047
21082,21169
21083,21083
21084,21043
21085,21085
21086,21197
21087,21047
21088,21043
21089,21043
21090,21090
21091,21071
21092,21169
21093,21058
21094,21094
21095,21106
21096,21142
21097,21164
21098,21189
21099,21099
21100,21109
21101,21207
21102,21074
21103,21195
21104,21104
21105,21094
21106,21106
21107,21043
21108,21094
21109,21109
21110,21110
21111,21197
21112,21169
21113,21003
21114,21114
21115,21115
21116,21116
21117,21104
21118,21118
21119,21119
21120,21195
21121,21019
21122,21048
21123,21183
21124,21013
21125,21119
21126,21140
21127,21169
21128,21104
21129,21013
21130,21142
21131,21106
21132,21132
21133,21085
21134,21134
21135,21035
21136,21034
21137,21142
21138,21074
21139,21003
21140,21140
21141,21003
21142,21142
21143,21143
21144,21118
21145,21217
21146,21085
21147,21003
21148,21106
21149,21149
21150,21106
21151,21189
21152,21142
21153,21153
21154,21154
21155,21003
21156,21156
21157,21003
21158,21043
21159,21085
21160,21051
21161,21161
21162,21183
21163,21001
21164,21164
21165,21069
21166,21069
21167,21208
21168,21051
21169,21169
21170,21094
21171,21189
21172,21172
21173,21017
21174,21174
21175,21019
21176,21051
21177,21177
21178,21109
21179,21179
21180,21180
21181,21034
21182,21189
21183,21183
21184,21183
21185,21069
21186,21186
21187,21109
21188,21069
21189,21189
21190,21169
21191,21047
21192,21043
21193,21106
21194,21194
21195,21195
21196,21169
21197,21197
21198,21047
21199,21199
21200,21207
21201,21085
21202,21207
21203,21177
21204,21017
21205,21205
21206,21085
21207,21207
21208,21208
21209,21156
21210,21043
21211,21186
21212,21212
21213,21197
21214,21010
21215,21207
21216,21043
21217,21217
22001,22001
22002,22002
22003,22009
22004,22004
22005,22005
22006,22006
22007,22007
22008,22008
22009,22009
22010,22009
22011,22011
22012,22012
22013,22002
22014,22014
22015,22004
22016,22016
22017,22017
22018,22018
23001,23001
23002,23002
23003,23003
23004,23004
23005,23005
23006,23006
23007,23007
23008,23008
23009,23009
23010,23010
23011,23011
24001,24021
24002,24010
24003,24003
24004,24055
24005,24010
24006,24020
24007,24020
24008,24008
24009,24035
24010,24010
24011,24011
24012,24012
24013,24013
24014,24012
24015,24015
24016,24016
24017,24017
24018,24012
24019,24036
24020,24020
24021,24021
24022,24021
24023,24036
24024,24024
24025,24025
24026,24012
24027,24024
24028,24028
24029,24057
24030,24055
24031,24036
24032,24032
24033,24015
24034,24012
24035,24035
24036,24036
24037,24037
24038,24057
24039,24053
24040,24040
24041,24012
24042,24053
24043,24032
24044,24020
24045,24025
24046,24050
24047,24020
24048,24020
24049,24049
24050,24050
24051,24017
24052,24008
24053,24053
24054,24054
24055,24055
24056,24017
24057,24057
24058,24058
25001,25001
25002,25002
25003,25003
25004,25004
25005,25008
25006,25006
25007,25007
25008,25008
25009,25009
25010,25010
25011,25011
25012,25012
25013,25013
25014,25014
25015,25015
25016,25008
25017,25017
25018,25018
26001,26030
26002,26002
26003,26003
26004,26017
26005,26018
26006,26019
26007,26017
26008,26030
26009,26030
26010,26002
26011,26019
26012,26012
26013,26036
26014,26030
26015,26002
26016,26036
26017,26017
26018,26018
26019,26019
26020,26030
26021,26030
26022,26036
26023,26030
26024,26030
26025,26025
26026,26026
26027,26002
26028,26030
26029,26029
26030,26030
26031,26002
26032,26030
26033,26033
26034,26030
26035,26036
26036,26036
26037,26030
26038,26030
26039,26002
26040,26030
26041,26019
26042,26042
26043,26043
26044,26018
26045,26030
26046,26017
26047,26017
26048,26048
26049,26042
26050,26030
26051,26018
26052,26030
26053,26030
26054,26018
26055,26055
26056,26030
26057,26030
26058,26036
26059,26043
26060,26043
26061,26018
26062,26018
26063,26030
26064,26036
26065,26036
26066,26030
26067,26019
26068,26030
26069,26003
26070,26048
26071,26071
26072,26012
27001,27001
27002,27002
27003,27003
27004,27004
27005,27005
27006,27006
27007,27007
27008,27008
27009,27009
27010,27010
27011,27011
27012,27012
27013,27013
27014,27014
27015,27015
27016,27016
27017,27017
28001,28035
28002,28002
28003,28003
28004,28039
28005,28035
28006,28041
28007,28032
28008,28037
28009,28009
28010,28035
28011,28039
28012,28012
28013,28041
28014,28025
28015,28032
28016,28041
28017,28041
28018,28035
28019,28041
28020,28041
28021,28021
28022,28022
28023,28033
28024,28025
28025,28025
28026,28041
28027,28027
28028,28039
28029,28039
28030,28035
28031,28041
28032,28032
28033,28033
28034,28035
28035,28035
28036,28035
28037,28037
28038,28038
28039,28039
28040,28040
28041,28041
28042,28041
28043,28043
29001,29018
29002,29010
29003,29034
29004,29013
29005,29005
29006,29006
29007,29013
29008,29013
29009,29026
29010,29010
29011,29043
29012,29015
29013,29013
29014,29015
29015,29015
29016,29013
29017,29041
29018,29018
29019,29019
29020,29006
29021,29006
29022,29028
29023,29023
29024,29024
29025,29025
29026,29026
29027,29041
29028,29028
29029,29044
29030,29013
29031,29031
29032,29023
29033,29033
29034,29034
29035,29039
29036,29036
29037,29013
29038,29039
29039,29039
29040,29043
29041,29041
29042,29041
29043,29043
29044,29044
29045,29006
29046,29013
29047,29013
29048,29028
29049,29024
29050,29028
29051,29044
29052,29039
29053,29044
29054,29044
29055,29043
29056,29015
29057,29023
29058,29041
29059,29044
29060,29028
30001,30132
30002,30112
30003,30003
30004,30004
30005,30208
30006,30006
30007,30148
30008,30047
30009,30009
30010,30010
30011,30011
30012,30208
30013,30013
30014,30014
30015,30015
30016,30016
30017,30065
30018,30006
30019,30159
30020,30147
30021,30021
30022,30022
30023,30023
30024,30038
30025,30025
30026,30026
30027,30058
30028,30028
30029,30047
30030,30030
30031,30053
30032,30032
30033,30033
30034,30034
30035,30013
30036,30026
30037,30051
30038,30038
30039,30039
30040,30040
30041,30014
30042,30109
30043,30071
30044,30044
30045,30045
30046,30038
30047,30047
30048,30048
30049,30049
30050,30051
30051,30051
30052,30014
30053,30053
30054,30045
30055,30155
30056,30155
30057,30112
30058,30058
30059,30059
30060,30013
30061,30061
30062,30062
30063,30034
30064,30051
30065,30065
30066,30066
30067,30051
30068,30068
30069,30069
30070,30089
30071,30071
30072,30072
30073,30073
30074,30115
30075,30011
30076,30072
30077,30077
30078,30155
30079,30025
30080,30080
30081,30081
30082,30206
30083,30083
30084,30045
30085,30085
30086,30086
30087,30087
30088,30065
30089,30089
30090,30105
30091,30091
30092,30092
30093,30026
30094,30094
30095,30109
30096,30112
30097,30015
30098,30135
30099,30030
30100,30100
30101,30101
30102,30102
30103,30051
30104,30149
30105,30105
30106,30112
30107,30132
30108,30108
30109,30109
30110,30201
30111,30108
30112,30112
30113,30014
30114,30211
30115,30115
30116,30003
30117,30117
30118,30118
30119,30207
30120,30048
30121,30121
30122,30149
30123,30123
30124,30124
30125,30125
30126,30126
30127,30127
30128,30128
30129,30155
30130,30130
30131,30131
30132,30132
30133,30133
30134,30134
30135,30135
30136,30026
30137,30147
30138,30138
30139,30015
30140,30135
30141,30141
30142,30142
30143,30143
30144,30144
30145,30003
30146,30071
30147,30147
30148,30148
30149,30149
30150,30013
30151,30151
30152,30133
30153,30034
30154,30013
30155,30155
30156,30132
30157,30157
30158,30158
30159,30159
30160,30160
30161,30161
30162,30071
30163,30109
30164,30038
30165,30080
30166,30009
30167,30034
30168,30147
30169,30169
30170,30072
30171,30159
30172,30003
30173,30173
30174,30174
30175,30175
30176,30045
30177,30132
30178,30011
30179,30071
30180,30083
30181,30181
30182,30026
30183,30183
30184,30159
30185,30135
30186,30062
30187,30112
30188,30071
30189,30189
30190,30045
30191,30191
30192,30192
30193,30193
30194,30128
30195,30147
30196,30053
30197,30109
30198,30072
30199,30048
30200,30071
30201,30201
30202,30072
30203,30051
30204,30204
30205,30161
30206,30206
30207,30207
30208,30208
30209,30149
30210,30210
30211,30211
30212,30130
31001,31101
31002,31041
31003,31056
31004,31052
31005,31052
31006,31096
31007,31040
31008,31096
31009,31052
31010,31079
31011,31048
31012,31102
31013,31052
31014,31102
31015,31041
31016,31079
31017,31102
31018,31089
31019,31019
31020,31059
31021,31102
31022,31102
31023,31101
31024,31056
31025,31089
31026,31052
31027,31052
31028,31096
31029,31096
31030,31102
31031,31096
31032,31096
31033,31033
31034,31040
31035,31040
31036,31040
31037,31040
31038,31038
31039,31052
31040,31040
31041,31041
31042,31040
31043,31102
31044,31101
31045,31101
31046,31056
31047,31056
31048,31048
31049,31056
31050,31050
31051,31052
31052,31052
31053,31089
31054,31052
31055,31089
31056,31056
31057,31096
31058,31058
31059,31059
31060,31102
31061,31096
31062,31089
31063,31101
31064,31040
31065,31096
31066,31089
31067,31041
31068,31052
31069,31040
31070,31096
31071,31040
31072,31052
31073,31058
31074,31040
31075,31056
31076,31041
31077,31096
31078,31052
31079,31079
31080,31089
31081,31102
31082,31052
31083,31052
31084,31096
31085,31102
31086,31052
31087,31101
31088,31052
31089,31089
31090,31041
31091,31102
31092,31102
31093,31052
31094,31079
31095,31041
31096,31096
31097,31102
31098,31079
31099,31102
31100,31038
31101,31101
31102,31102
31103,31040
31104,31058
31105,31052
31106,31052
32001,32048
32002,32034
32003,32048
32004,32048
32005,32005
32006,32010
32007,32051
32008,32036
32009,32042
32010,32010
32011,32048
32012,32036
32013,32005
32014,32014
32015,32048
32016,32016
32017,32017
32018,32019
32019,32019
32020,32020
32021,32042
32022,32029
32023,32048
32024,32024
32025,32036
32026,32051
32027,32051
32028,32048
32029,32029
32030,32048
32031,32049
32032,32056
32033,32048
32034,32034
32035,32024
32036,32036
32037,32056
32038,32038
32039,32039
32040,32040
32041,32051
32042,32042
32043,32049
32044,32019
32045,32048
32046,32049
32047,32048
32048,32048
32049,32049
32050,32056
32051,32051
32052,32024
32053,32024
32054,32038
32055,32055
32056,32056
32057,32057
32058,32048
