000,000
001,011
002,022
003,033
004,044
005,055
006,066
007,077
008,088
009,099
010,102
011,113
012,124
013,135
014,146
015,157
016,168
017,179
018,180
019,191
020,204
021,215
022,226
023,237
024,248
025,259
026,260
027,271
028,282
029,293
030,306
031,317
032,328
033,339
034,340
035,351
036,362
037,373
038,384
039,395
040,408
041,419
042,420
043,431
044,442
045,453
046,464
047,475
048,486
049,497
050,500
051,511
052,522
053,533
054,544
055,555
056,566
057,577
058,588
059,599
060,602
061,613
062,624
063,635
064,646
065,657
066,668
067,679
068,680
069,691
070,704
071,715
072,726
073,737
074,748
075,759
076,760
077,771
078,782
079,793
080,806
081,817
082,828
083,839
084,840
085,851
086,862
087,873
088,884
089,895
090,908
091,919
092,920
093,931
094,942
095,953
096,964
097,975
098,986
099,997
100,001
101,012
102,023
103,034
104,045
105,056
106,067
107,078
108,089
109,090
110,103
111,114
112,125
113,136
114,147
115,158
116,169
117,170
118,181
119,192
120,205
121,216
122,227
123,238
124,249
125,250
126,261
127,272
128,283
129,294
130,307
131,318
132,329
133,330
134,341
135,352
136,363
137,374
138,385
139,396
140,409
141,410
142,421
143,432
144,443
145,454
146,465
147,476
148,487
149,498
150,501
151,512
152,523
153,534
154,545
155,556
156,567
157,578
158,589
159,590
160,603
161,614
162,625
163,636
164,647
165,658
166,669
167,670
168,681
169,692
170,705
171,716
172,727
173,738
174,749
175,750
176,761
177,772
178,783
179,794
180,807
181,818
182,829
183,830
184,841
185,852
186,863
187,874
188,885
189,896
190,909
191,910
192,921
193,932
194,943
195,954
196,965
197,976
198,987
199,998
200,002
201,013
202,024
203,035
204,046
205,057
206,068
207,079
208,080
209,091
210,104
211,115
212,126
213,137
214,148
215,159
216,160
217,171
218,182
219,193
220,206
221,217
222,228
223,239
224,240
225,251
226,262
227,273
228,284
229,295
230,308
231,319
232,320
233,331
234,342
235,353
236,364
237,375
238,386
239,397
240,400
241,411
242,422
243,433
244,444
245,455
246,466
247,477
248,488
249,499
250,502
251,513
252,524
253,535
254,546
255,557
256,568
257,579
258,580
259,591
260,604
261,615
262,626
263,637
264,648
265,659
266,660
267,671
268,682
269,693
270,706
271,717
272,728
273,739
274,740
275,751
276,762
277,773
278,784
279,795
280,808
281,819
282,820
283,831
284,842
285,853
286,864
287,875
288,886
289,897
290,900
291,911
292,922
293,933
294,944
295,955
296,966
297,977
298,988
299,999
300,003
301,014
302,025
303,036
304,047
305,058
306,069
307,070
308,081
309,092
310,105
311,116
312,127
313,138
314,149
315,150
316,161
317,172
318,183
319,194
320,207
321,218
322,229
323,230
324,241
325,252
326,263
327,274
328,285
329,296
330,309
331,310
332,321
333,332
334,343
335,354
336,365
337,376
338,387
339,398
340,401
341,412
342,423
343,434
344,445
345,456
346,467
347,478
348,489
349,490
350,503
351,514
352,525
353,536
354,547
355,558
356,569
357,570
358,581
359,592
360,605
361,616
362,627
363,638
364,649
365,650
366,661
367,672
368,683
369,694
370,707
371,718
372,729
373,730
374,741
375,752
376,763
377,774
378,785
379,796
380,809
381,810
382,821
383,832
384,843
385,854
386,865
387,876
388,887
389,898
390,901
391,912
392,923
393,934
394,945
395,956
396,967
397,978
398,989
399,990
400,004
401,015
402,026
403,037
404,048
405,059
406,060
407,071
408,082
409,093
410,106
411,117
412,128
413,139
414,140
415,151
416,162
417,173
418,184
419,195
420,208
421,219
422,220
423,231
424,242
425,253
426,264
427,275
428,286
429,297
430,300
431,311
432,322
433,333
434,344
435,355
436,366
437,377
438,388
439,399
440,402
441,413
442,424
443,435
444,446
445,457
446,468
447,479
448,480
449,491
450,504
451,515
452,526
453,537
454,548
455,559
456,560
457,571
458,582
459,593
460,606
461,617
462,628
463,639
464,640
465,651
466,662
467,673
468,684
469,695
470,708
471,719
472,720
473,731
474,742
475,753
476,764
477,775
478,786
479,797
480,800
481,811
482,822
483,833
484,844
485,855
486,866
487,877
488,888
489,899
490,902
491,913
492,924
493,935
494,946
495,957
496,968
497,979
498,980
499,991
500,005
501,016
502,027
503,038
504,049
505,050
506,061
507,072
508,083
509,094
510,107
511,118
512,129
513,130
514,141
515,152
516,163
517,174
518,185
519,196
520,209
521,210
522,221
523,232
524,243
525,254
526,265
527,276
528,287
529,298
530,301
531,312
532,323
533,334
534,345
535,356
536,367
537,378
538,389
539,390
540,403
541,414
542,425
543,436
544,447
545,458
546,469
547,470
548,481
549,492
550,505
551,516
552,527
553,538
554,549
555,550
556,561
557,572
558,583
559,594
560,607
561,618
562,629
563,630
564,641
565,652
566,663
567,674
568,685
569,696
570,709
571,710
572,721
573,732
574,743
575,754
576,765
577,776
578,787
579,798
580,801
581,812
582,823
583,834
584,845
585,856
586,867
587,878
588,889
589,890
590,903
591,914
592,925
593,936
594,947
595,958
596,969
597,970
598,981
599,992
600,006
601,017
602,028
603,039
604,040
605,051
606,062
607,073
608,084
609,095
610,108
611,119
612,120
613,131
614,142
615,153
616,164
617,175
618,186
619,197
620,200
621,211
622,222
623,233
624,244
625,255
626,266
627,277
628,288
629,299
630,302
631,313
632,324
633,335
634,346
635,357
636,368
637,379
638,380
639,391
640,404
641,415
642,426
643,437
644,448
645,459
646,460
647,471
648,482
649,493
650,506
651,517
652,528
653,539
654,540
655,551
656,562
657,573
658,584
659,595
660,608
661,619
662,620
663,631
664,642
665,653
666,664
667,675
668,686
669,697
670,700
671,711
672,722
673,733
674,744
675,755
676,766
677,777
678,788
679,799
680,802
681,813
682,824
683,835
684,846
685,857
686,868
687,879
688,880
689,891
690,904
691,915
692,926
693,937
694,948
695,959
696,960
697,971
698,982
699,993
700,007
701,018
702,029
703,030
704,041
705,052
706,063
707,074
708,085
709,096
710,109
711,110
712,121
713,132
714,143
715,154
716,165
717,176
718,187
719,198
720,201
721,212
722,223
723,234
724,245
725,256
726,267
727,278
728,289
729,290
730,303
731,314
732,325
733,336
734,347
735,358
736,369
737,370
738,381
739,392
740,405
741,416
742,427
743,438
744,449
745,450
746,461
747,472
748,483
749,494
750,507
751,518
752,529
753,530
754,541
755,552
756,563
757,574
758,585
759,596
760,609
761,610
762,621
763,632
764,643
765,654
766,665
767,676
768,687
769,698
770,701
771,712
772,723
773,734
774,745
775,756
776,767
777,778
778,789
779,790
780,803
781,814
782,825
783,836
784,847
785,858
786,869
787,870
788,881
789,892
790,905
791,916
792,927
793,938
794,949
795,950
796,961
797,972
798,983
799,994
800,008
801,019
802,020
803,031
804,042
805,053
806,064
807,075
808,086
809,097
810,100
811,111
812,122
813,133
814,144
815,155
816,166
817,177
818,188
819,199
820,202
821,213
822,224
823,235
824,246
825,257
826,268
827,279
828,280
829,291
830,304
831,315
832,326
833,337
834,348
835,359
836,360
837,371
838,382
839,393
840,406
841,417
842,428
843,439
844,440
845,451
846,462
847,473
848,484
849,495
850,508
851,519
852,520
853,531
854,542
855,553
856,564
857,575
858,586
859,597
860,600
861,611
862,622
863,633
864,644
865,655
866,666
867,677
868,688
869,699
870,702
871,713
872,724
873,735
874,746
875,757
876,768
877,779
878,780
879,791
880,804
881,815
882,826
883,837
884,848
885,859
886,860
887,871
888,882
889,893
890,906
891,917
892,928
893,939
894,940
895,951
896,962
897,973
898,984
899,995
900,009
901,010
902,021
903,032
904,043
905,054
906,065
907,076
908,087
909,098
910,101
911,112
912,123
913,134
914,145
915,156
916,167
917,178
918,189
919,190
920,203
921,214
922,225
923,236
924,247
925,258
926,269
927,270
928,281
929,292
930,305
931,316
932,327
933,338
934,349
935,350
936,361
937,372
938,383
939,394
940,407
941,418
942,429
943,430
944,441
945,452
946,463
947,474
948,485
949,496
950,509
951,510
952,521
953,532
954,543
955,554
956,565
957,576
958,587
959,598
960,601
961,612
962,623
963,634
964,645
965,656
966,667
967,678
968,689
969,690
970,703
971,714
972,725
973,736
974,747
975,758
976,769
977,770
978,781
979,792
980,805
981,816
982,827
983,838
984,849
985,850
986,861
987,872
988,883
989,894
990,907
991,918
992,929
993,930
994,941
995,952
996,963
997,974
998,985
999,996
