000,000
001,014
002,028
003,031
004,045
005,059
006,062
007,076
008,08A
009,093
010,105
011,119
012,122
013,136
014,14A
015,153
016,167
017,170
018,184
019,198
020,20A
021,213
022,227
023,230
024,244
025,258
026,261
027,275
028,289
029,292
030,304
031,318
032,321
033,335
034,349
035,352
036,366
037,37A
038,383
039,397
040,409
041,412
042,426
043,43A
044,443
045,457
046,460
047,474
048,488
049,491
050,503
051,517
052,520
053,534
054,548
055,551
056,565
057,579
058,582
059,596
060,608
061,611
062,625
063,639
064,642
065,656
066,66A
067,673
068,687
069,690
070,702
071,716
072,72A
073,733
074,747
075,750
076,764
077,778
078,781
079,795
080,807
081,810
082,824
083,838
084,841
085,855
086,869
087,872
088,886
089,89A
090,901
091,915
092,929
093,932
094,946
095,95A
096,963
097,977
098,980
099,994
100,001
101,015
102,029
103,032
104,046
105,05A
106,063
107,077
108,080
109,094
110,106
111,11A
112,123
113,137
114,140
115,154
116,168
117,171
118,185
119,199
120,200
121,214
122,228
123,231
124,245
125,259
126,262
127,276
128,28A
129,293
130,305
131,319
132,322
133,336
134,34A
135,353
136,367
137,370
138,384
139,398
140,40A
141,413
142,427
143,430
144,444
145,458
146,461
147,475
148,489
149,492
150,504
151,518
152,521
153,535
154,549
155,552
156,566
157,57A
158,583
159,597
160,609
161,612
162,626
163,63A
164,643
165,657
166,660
167,674
168,688
169,691
170,703
171,717
172,720
173,734
174,748
175,751
176,765
177,779
178,782
179,796
180,808
181,811
182,825
183,839
184,842
185,856
186,86A
187,873
188,887
189,890
190,902
191,916
192,92A
193,933
194,947
195,950
196,964
197,978
198,981
199,995
200,002
201,016
202,02A
203,033
204,047
205,050
206,064
207,078
208,081
209,095
210,107
211,110
212,124
213,138
214,141
215,155
216,169
217,172
218,186
219,19A
220,201
221,215
222,229
223,232
224,246
225,25A
226,263
227,277
228,280
229,294
230,306
231,31A
232,323
233,337
234,340
235,354
236,368
237,371
238,385
239,399
240,400
241,414
242,428
243,431
244,445
245,459
246,462
247,476
248,48A
249,493
250,505
251,519
252,522
253,536
254,54A
255,553
256,567
257,570
258,584
259,598
260,60A
261,613
262,627
263,630
264,644
265,658
266,661
267,675
268,689
269,692
270,704
271,718
272,721
273,735
274,749
275,752
276,766
277,77A
278,783
279,797
280,809
281,812
282,826
283,83A
284,843
285,857
286,860
287,874
288,888
289,891
290,903
291,917
292,920
293,934
294,948
295,951
296,965
297,979
298,982
299,996
300,003
301,017
302,020
303,034
304,048
305,051
306,065
307,079
308,082
309,096
310,108
311,111
312,125
313,139
314,142
315,156
316,16A
317,173
318,187
319,190
320,202
321,216
322,22A
323,233
324,247
325,250
326,264
327,278
328,281
329,295
330,307
331,310
332,324
333,338
334,341
335,355
336,369
337,372
338,386
339,39A
340,401
341,415
342,429
343,432
344,446
345,45A
346,463
347,477
348,480
349,494
350,506
351,51A
352,523
353,537
354,540
355,554
356,568
357,571
358,585
359,599
360,600
361,614
362,628
363,631
364,645
365,659
366,662
367,676
368,68A
369,693
370,705
371,719
372,722
373,736
374,74A
375,753
376,767
377,770
378,784
379,798
380,80A
381,813
382,827
383,830
384,844
385,858
386,861
387,875
388,889
389,892
390,904
391,918
392,921
393,935
394,949
395,952
396,966
397,97A
398,983
399,997
400,004
401,018
402,021
403,035
404,049
405,052
406,066
407,07A
408,083
409,097
410,109
411,112
412,126
413,13A
414,143
415,157
416,160
417,174
418,188
419,191
420,203
421,217
422,220
423,234
424,248
425,251
426,265
427,279
428,282
429,296
430,308
431,311
432,325
433,339
434,342
435,356
436,36A
437,373
438,387
439,390
440,402
441,416
442,42A
443,433
444,447
445,450
446,464
447,478
448,481
449,495
450,507
451,510
452,524
453,538
454,541
455,555
456,569
457,572
458,586
459,59A
460,601
461,615
462,629
463,632
464,646
465,65A
466,663
467,677
468,680
469,694
470,706
471,71A
472,723
473,737
474,740
475,754
476,768
477,771
478,785
479,799
480,800
481,814
482,828
483,831
484,845
485,859
486,862
487,876
488,88A
489,893
490,905
491,919
492,922
493,936
494,94A
495,953
496,967
497,970
498,984
499,998
500,005
501,019
502,022
503,036
504,04A
505,053
506,067
507,070
508,084
509,098
510,10A
511,113
512,127
513,130
514,144
515,158
516,161
517,175
518,189
519,192
520,204
521,218
522,221
523,235
524,249
525,252
526,266
527,27A
528,283
529,297
530,309
531,312
532,326
533,33A
534,343
535,357
536,360
537,374
538,388
539,391
540,403
541,417
542,420
543,434
544,448
545,451
546,465
547,479
548,482
549,496
550,508
551,511
552,525
553,539
554,542
555,556
556,56A
557,573
558,587
559,590
560,602
561,616
562,62A
563,633
564,647
565,650
566,664
567,678
568,681
569,695
570,707
571,710
572,724
573,738
574,741
575,755
576,769
577,772
578,786
579,79A
580,801
581,815
582,829
583,832
584,846
585,85A
586,863
587,877
588,880
589,894
590,906
591,91A
592,923
593,937
594,940
595,954
596,968
597,971
598,985
599,999
600,006
601,01A
602,023
603,037
604,040
605,054
606,068
607,071
608,085
609,099
610,100
611,114
612,128
613,131
614,145
615,159
616,162
617,176
618,18A
619,193
620,205
621,219
622,222
623,236
624,24A
625,253
626,267
627,270
628,284
629,298
630,30A
631,313
632,327
633,330
634,344
635,358
636,361
637,375
638,389
639,392
640,404
641,418
642,421
643,435
644,449
645,452
646,466
647,47A
648,483
649,497
650,509
651,512
652,526
653,53A
654,543
655,557
656,560
657,574
658,588
659,591
660,603
661,617
662,620
663,634
664,648
665,651
666,665
667,679
668,682
669,696
670,708
671,711
672,725
673,739
674,742
675,756
676,76A
677,773
678,787
679,790
680,802
681,816
682,82A
683,833
684,847
685,850
686,864
687,878
688,881
689,895
690,907
691,910
692,924
693,938
694,941
695,955
696,969
697,972
698,986
699,99A
700,007
701,010
702,024
703,038
704,041
705,055
706,069
707,072
708,086
709,09A
710,101
711,115
712,129
713,132
714,146
715,15A
716,163
717,177
718,180
719,194
720,206
721,21A
722,223
723,237
724,240
725,254
726,268
727,271
728,285
729,299
730,300
731,314
732,328
733,331
734,345
735,359
736,362
737,376
738,38A
739,393
740,405
741,419
742,422
743,436
744,44A
745,453
746,467
747,470
748,484
749,498
750,50A
751,513
752,527
753,530
754,544
755,558
756,561
757,575
758,589
759,592
760,604
761,618
762,621
763,635
764,649
765,652
766,666
767,67A
768,683
769,697
770,709
771,712
772,726
773,73A
774,743
775,757
776,760
777,774
778,788
779,791
780,803
781,817
782,820
783,834
784,848
785,851
786,865
787,879
788,882
789,896
790,908
791,911
792,925
793,939
794,942
795,956
796,96A
797,973
798,987
799,990
800,008
801,011
802,025
803,039
804,042
805,056
806,06A
807,073
808,087
809,090
810,102
811,116
812,12A
813,133
814,147
815,150
816,164
817,178
818,181
819,195
820,207
821,210
822,224
823,238
824,241
825,255
826,269
827,272
828,286
829,29A
830,301
831,315
832,329
833,332
834,346
835,35A
836,363
837,377
838,380
839,394
840,406
841,41A
842,423
843,437
844,440
845,454
846,468
847,471
848,485
849,499
850,500
851,514
852,528
853,531
854,545
855,559
856,562
857,576
858,58A
859,593
860,605
861,619
862,622
863,636
864,64A
865,653
866,667
867,670
868,684
869,698
870,70A
871,713
872,727
873,730
874,744
875,758
876,761
877,775
878,789
879,792
880,804
881,818
882,821
883,835
884,849
885,852
886,866
887,87A
888,883
889,897
890,909
891,912
892,926
893,93A
894,943
895,957
896,960
897,974
898,988
899,991
900,009
901,012
902,026
903,03A
904,043
905,057
906,060
907,074
908,088
909,091
910,103
911,117
912,120
913,134
914,148
915,151
916,165
917,179
918,182
919,196
920,208
921,211
922,225
923,239
924,242
925,256
926,26A
927,273
928,287
929,290
930,302
931,316
932,32A
933,333
934,347
935,350
936,364
937,378
938,381
939,395
940,407
941,410
942,424
943,438
944,441
945,455
946,469
947,472
948,486
949,49A
950,501
951,515
952,529
953,532
954,546
955,55A
956,563
957,577
958,580
959,594
960,606
961,61A
962,623
963,637
964,640
965,654
966,668
967,671
968,685
969,699
970,700
971,714
972,728
973,731
974,745
975,759
976,762
977,776
978,78A
979,793
980,805
981,819
982,822
983,836
984,84A
985,853
986,867
987,870
988,884
989,898
990,90A
991,913
992,927
993,930
994,944
995,958
996,961
997,975
998,989
999,992
A00,00A
A01,013
A02,027
A03,030
A04,044
A05,058
A06,061
A07,075
A08,089
A09,092
A10,104
A11,118
A12,121
A13,135
A14,149
A15,152
A16,166
A17,17A
A18,183
A19,197
A20,209
A21,212
A22,226
A23,23A
A24,243
A25,257
A26,260
A27,274
A28,288
A29,291
A30,303
A31,317
A32,320
A33,334
A34,348
A35,351
A36,365
A37,379
A38,382
A39,396
A40,408
A41,411
A42,425
A43,439
A44,442
A45,456
A46,46A
A47,473
A48,487
A49,490
A50,502
A51,516
A52,52A
A53,533
A54,547
A55,550
A56,564
A57,578
A58,581
A59,595
A60,607
A61,610
A62,624
A63,638
A64,641
A65,655
A66,669
A67,672
A68,686
A69,69A
A70,701
A71,715
A72,729
A73,732
A74,746
A75,75A
A76,763
A77,777
A78,780
A79,794
A80,806
A81,81A
A82,823
A83,837
A84,840
A85,854
A86,868
A87,871
A88,885
A89,899
A90,900
A91,914
A92,928
A93,931
A94,945
A95,959
A96,962
A97,976
A98,98A
A99,993
